
################################################################################
# Gelman-Rubin Diagnostic
################################################################################

Generally the Gelman diagnostic should be < 1.05


Out of 93 variables: 81 > 1.01

                      
44 > 1.05

                      
18 > 1.1


The worst variables are:

              Point est. Upper C.I.
ilr.global[1]   1.249633   1.688737
deviance        1.191356   1.550864
p.fac1[1,1]     1.172231   1.556291
p.global[1]     1.172231   1.556291
p.fac1[7,2]     1.167871   1.484209
p.fac1[1,2]     1.135378   1.385312
p.global[2]     1.135378   1.385312
fac2.sig        1.131868   1.418606
loglik[3]       1.123286   1.369361
loglik[1]       1.119949   1.363445


And here are the Gelman diagnostics for all variables:

              Point est. Upper C.I.
deviance       1.1913561   1.550864
fac2.sig       1.1318678   1.418606
ilr.fac1[1,1]        NaN        NaN
ilr.fac1[1,2]        NaN        NaN
ilr.fac1[1,3]        NaN        NaN
ilr.fac1[2,1]  1.0050110   1.020558
ilr.fac1[2,2]  1.0522934   1.158148
ilr.fac1[2,3]  1.0194283   1.041329
ilr.fac1[3,1]  0.9999195   1.001964
ilr.fac1[3,2]  1.0450735   1.148327
ilr.fac1[3,3]  1.0146788   1.043636
ilr.fac1[4,1]  1.0092229   1.032850
ilr.fac1[4,2]  1.0305635   1.099603
ilr.fac1[4,3]  1.0316812   1.110613
ilr.fac1[5,1]  1.0040168   1.009082
ilr.fac1[5,2]  1.0049691   1.013871
ilr.fac1[5,3]  1.0681850   1.222454
ilr.fac1[6,1]  1.0009472   1.004367
ilr.fac1[6,2]  1.0749245   1.241472
ilr.fac1[6,3]  1.0191191   1.062915
ilr.fac1[7,1]  1.0004298   1.002094
ilr.fac1[7,2]  1.0480974   1.162445
ilr.fac1[7,3]  1.0548757   1.181027
ilr.fac2[1,1]  1.0352927   1.039879
ilr.fac2[1,2]  1.0426300   1.073909
ilr.fac2[1,3]  1.0401352   1.047670
ilr.fac2[2,1]  1.0615937   1.062595
ilr.fac2[2,2]  1.0625791   1.095029
ilr.fac2[2,3]  1.0654940   1.091955
ilr.fac2[3,1]  1.0440719   1.070580
ilr.fac2[3,2]  1.0531587   1.065644
ilr.fac2[3,3]  1.0527092   1.060795
ilr.fac2[4,1]  1.0429869   1.058833
ilr.fac2[4,2]  1.0836406   1.121547
ilr.fac2[4,3]  1.0409035   1.045029
ilr.fac2[5,1]  1.0462463   1.062175
ilr.fac2[5,2]  1.0493853   1.052192
ilr.fac2[5,3]  1.0358398   1.042060
ilr.fac2[6,1]  1.0299774   1.035278
ilr.fac2[6,2]  1.0465454   1.049941
ilr.fac2[6,3]  1.0479941   1.071796
ilr.fac2[7,1]  1.0429848   1.047212
ilr.fac2[7,2]  1.0618084   1.135736
ilr.fac2[7,3]  1.0414369   1.041697
ilr.fac2[8,1]  1.0370455   1.040974
ilr.fac2[8,2]  1.0682455   1.077741
ilr.fac2[8,3]  1.0547541   1.099761
ilr.global[1]  1.2496332   1.688737
ilr.global[2]  1.1110056   1.292360
ilr.global[3]  1.0341353   1.092738
loglik[1]      1.1199490   1.363445
loglik[2]      1.0628095   1.200577
loglik[3]      1.1232863   1.369361
loglik[4]      1.1112825   1.329703
loglik[5]      1.0775575   1.240594
loglik[6]      1.1066529   1.323127
loglik[7]      1.1106020   1.335828
loglik[8]      1.1025800   1.316311
p.fac1[1,1]    1.1722313   1.556291
p.fac1[1,2]    1.1353777   1.385312
p.fac1[1,3]    1.0712394   1.153932
p.fac1[1,4]    1.0493378   1.159550
p.fac1[2,1]    1.0567419   1.102041
p.fac1[2,2]    1.0513231   1.145861
p.fac1[2,3]    1.0246953   1.038040
p.fac1[2,4]    1.0099364   1.025967
p.fac1[3,1]    1.0842406   1.232171
p.fac1[3,2]    1.0232920   1.039902
p.fac1[3,3]    1.0567794   1.187837
p.fac1[3,4]    1.0370974   1.128033
p.fac1[4,1]    1.0341820   1.087319
p.fac1[4,2]    1.1078810   1.322999
p.fac1[4,3]    1.0181560   1.051630
p.fac1[4,4]    1.0760943   1.243004
p.fac1[5,1]    1.0347125   1.079400
p.fac1[5,2]    1.0762303   1.219456
p.fac1[5,3]    1.0673408   1.217744
p.fac1[5,4]    1.1182795   1.368433
p.fac1[6,1]    1.0371019   1.064392
p.fac1[6,2]    1.0834864   1.255929
p.fac1[6,3]    1.0348815   1.074225
p.fac1[6,4]    1.0156904   1.042009
p.fac1[7,1]    1.0196988   1.039431
p.fac1[7,2]    1.1678710   1.484209
p.fac1[7,3]    1.0057860   1.012194
p.fac1[7,4]    1.1070109   1.327841
p.global[1]    1.1722313   1.556291
p.global[2]    1.1353777   1.385312
p.global[3]    1.0712394   1.153932
p.global[4]    1.0493378   1.159550
resid.prop[1]  1.0774212   1.249624
resid.prop[2]  1.0289270   1.051356
resid.prop[3]  1.0261963   1.091491

################################################################################
# Geweke Diagnostic
################################################################################

The Geweke diagnostic is a standard z-score, so we'd expect 5% to be outside +/-1.96
Number of variables outside +/-1.96 in each chain (out of 
93
):


       Chain 1 Chain 2 Chain 3
Geweke      14      25      23


And here are the Geweke diagnostics for all variables:

              chain1 chain2 chain3
deviance      -1.174  0.724  0.377
fac2.sig      -1.800 -0.474  2.124
ilr.fac1[2,1]  1.850  2.046 -1.254
ilr.fac1[2,2] -0.774 -1.130  1.767
ilr.fac1[2,3]  1.086  1.400  1.757
ilr.fac1[3,1]  0.800 -0.739  0.030
ilr.fac1[3,2] -0.124  1.335  0.500
ilr.fac1[3,3] -0.730  1.668  0.027
ilr.fac1[4,1] -1.413 -1.317 -1.258
ilr.fac1[4,2] -1.141 -1.893  2.411
ilr.fac1[4,3]  1.539 -1.068  4.373
ilr.fac1[5,1] -0.035 -2.194  1.006
ilr.fac1[5,2] -1.161  0.461 -0.838
ilr.fac1[5,3] -0.355  0.751  2.584
ilr.fac1[6,1]  1.396  0.052  0.652
ilr.fac1[6,2]  0.129  1.024  1.968
ilr.fac1[6,3]  3.287  2.200  2.637
ilr.fac1[7,1] -2.996  1.121  0.264
ilr.fac1[7,2]  3.662 -0.483  0.722
ilr.fac1[7,3]  1.910 -0.006  2.871
ilr.fac2[1,1]  1.166  0.982  0.508
ilr.fac2[1,2] -1.913  1.219  1.013
ilr.fac2[1,3]  0.285 -1.059  1.527
ilr.fac2[2,1] -0.021  0.430  2.423
ilr.fac2[2,2]  0.404 -1.320 -1.067
ilr.fac2[2,3]  1.221  1.827  0.277
ilr.fac2[3,1]  0.708 -2.364  0.895
ilr.fac2[3,2]  0.598 -2.104 -0.689
ilr.fac2[3,3]  0.372 -0.367  0.607
ilr.fac2[4,1] -0.881  0.902  1.130
ilr.fac2[4,2]  0.676 -0.731 -0.234
ilr.fac2[4,3]  0.325  1.703  1.417
ilr.fac2[5,1]  0.150 -2.223  1.855
ilr.fac2[5,2]  0.922  1.142  0.148
ilr.fac2[5,3]  1.835  1.787 -0.558
ilr.fac2[6,1] -0.809  0.576 -1.086
ilr.fac2[6,2]  0.455 -0.181  0.746
ilr.fac2[6,3]  1.009  1.270 -0.540
ilr.fac2[7,1]  0.158 -0.359  0.010
ilr.fac2[7,2]  2.979 -0.292 -1.338
ilr.fac2[7,3] -0.117 -0.378  1.792
ilr.fac2[8,1] -0.603  0.476  1.260
ilr.fac2[8,2] -0.151  0.276 -0.172
ilr.fac2[8,3] -0.286  0.552 -0.313
ilr.global[1] -1.054  1.596 -0.296
ilr.global[2]  0.122 -2.303 -0.975
ilr.global[3]  1.701 -2.668 -4.395
loglik[1]      2.037 -1.369 -0.409
loglik[2]      0.568 -0.222 -0.320
loglik[3]      1.871 -0.618 -0.559
loglik[4]      1.398 -1.590  0.744
loglik[5]      1.267 -2.211 -0.940
loglik[6]      1.080 -0.179 -0.392
loglik[7]      1.581 -0.254 -0.186
loglik[8]      1.910 -0.089 -0.850
p.fac1[1,1]   -1.421  0.593 -2.695
p.fac1[1,2]    0.480 -3.354 -2.986
p.fac1[1,3]    0.996 -0.767 -2.230
p.fac1[1,4]   -0.998  2.426  4.756
p.fac1[2,1]   -0.097  0.618 -1.733
p.fac1[2,2]    0.466 -4.255 -1.417
p.fac1[2,3]    2.184  0.592 -2.689
p.fac1[2,4]   -1.814  3.200  3.768
p.fac1[3,1]   -2.103  1.340 -2.982
p.fac1[3,2]    0.013 -2.752 -1.855
p.fac1[3,3]    0.451 -0.633 -1.240
p.fac1[3,4]   -0.277  1.056  2.008
p.fac1[4,1]   -2.347  0.205 -0.990
p.fac1[4,2]    1.386 -2.981  1.309
p.fac1[4,3]    2.730  1.558 -1.473
p.fac1[4,4]   -2.437  2.516 -0.290
p.fac1[5,1]   -1.844  0.749 -2.169
p.fac1[5,2]   -0.067 -2.513 -1.924
p.fac1[5,3]    2.762 -0.270  0.605
p.fac1[5,4]   -1.043  2.822  1.000
p.fac1[6,1]    1.174  1.466 -1.271
p.fac1[6,2]   -0.065 -4.539 -0.579
p.fac1[6,3]    1.521 -0.311 -1.475
p.fac1[6,4]   -2.367  2.622  1.891
p.fac1[7,1]   -1.911  1.397 -1.821
p.fac1[7,2]    2.800 -5.165 -1.118
p.fac1[7,3]   -0.055  2.465  0.741
p.fac1[7,4]   -2.735  3.684  0.472
p.global[1]   -1.421  0.593 -2.695
p.global[2]    0.480 -3.354 -2.986
p.global[3]    0.996 -0.767 -2.230
p.global[4]   -0.998  2.426  4.756
resid.prop[1] -0.112  0.127  0.180
resid.prop[2] -0.852 -0.961 -2.101
resid.prop[3]  0.061 -0.620  0.000
