
#################################################################
# Summary Statistics
#################################################################

DIC = 1442.89

                        Mean    SD  2.5%    5%   25%   50%   75%   95% 97.5%
Epsilon.1              1.388 0.430 0.645 0.766 1.059 1.355 1.683 2.150 2.312
Epsilon.2              0.489 0.125 0.268 0.301 0.394 0.486 0.573 0.702 0.740
p.Group 1.Enteromorpha 0.183 0.131 0.036 0.038 0.070 0.119 0.288 0.427 0.475
p.Group 2.Enteromorpha 0.321 0.210 0.044 0.053 0.096 0.344 0.512 0.655 0.682
p.Group 3.Enteromorpha 0.245 0.265 0.024 0.029 0.046 0.073 0.590 0.661 0.673
p.Group 4.Enteromorpha 0.114 0.105 0.009 0.013 0.037 0.081 0.153 0.351 0.406
p.Group 5.Enteromorpha 0.279 0.288 0.009 0.011 0.026 0.141 0.609 0.763 0.796
p.Group 6.Enteromorpha 0.238 0.186 0.030 0.036 0.068 0.215 0.373 0.607 0.630
p.Group 7.Enteromorpha 0.136 0.127 0.003 0.004 0.022 0.066 0.272 0.337 0.352
p.Group 8.Enteromorpha 0.083 0.069 0.004 0.005 0.020 0.056 0.150 0.198 0.213
p.Group 1.Grass        0.214 0.106 0.090 0.094 0.129 0.210 0.240 0.458 0.473
p.Group 2.Grass        0.187 0.027 0.138 0.143 0.166 0.186 0.212 0.229 0.232
p.Group 3.Grass        0.402 0.049 0.302 0.311 0.353 0.426 0.439 0.454 0.458
p.Group 4.Grass        0.136 0.027 0.077 0.091 0.121 0.137 0.152 0.176 0.184
p.Group 5.Grass        0.146 0.033 0.082 0.087 0.114 0.158 0.173 0.188 0.191
p.Group 6.Grass        0.369 0.039 0.278 0.287 0.345 0.377 0.400 0.417 0.421
p.Group 7.Grass        0.743 0.079 0.603 0.616 0.665 0.770 0.811 0.846 0.854
p.Group 8.Grass        0.836 0.047 0.747 0.760 0.797 0.842 0.874 0.905 0.913
p.Group 1.U.lactuca    0.134 0.093 0.040 0.043 0.060 0.092 0.217 0.305 0.314
p.Group 2.U.lactuca    0.326 0.158 0.041 0.064 0.192 0.328 0.474 0.543 0.558
p.Group 3.U.lactuca    0.307 0.203 0.006 0.008 0.030 0.426 0.461 0.496 0.505
p.Group 4.U.lactuca    0.143 0.113 0.013 0.019 0.048 0.108 0.219 0.359 0.387
p.Group 5.U.lactuca    0.421 0.226 0.030 0.039 0.163 0.535 0.603 0.650 0.663
p.Group 6.U.lactuca    0.305 0.134 0.034 0.053 0.203 0.315 0.422 0.481 0.492
p.Group 7.U.lactuca    0.050 0.043 0.003 0.005 0.016 0.035 0.073 0.140 0.162
p.Group 8.U.lactuca    0.028 0.023 0.003 0.004 0.011 0.020 0.038 0.078 0.088
p.Group 1.Zostera      0.469 0.151 0.208 0.222 0.326 0.498 0.612 0.682 0.696
p.Group 2.Zostera      0.165 0.046 0.079 0.090 0.132 0.164 0.197 0.243 0.259
p.Group 3.Zostera      0.046 0.025 0.007 0.010 0.026 0.043 0.064 0.089 0.098
p.Group 4.Zostera      0.608 0.105 0.401 0.437 0.532 0.608 0.690 0.769 0.792
p.Group 5.Zostera      0.154 0.047 0.069 0.081 0.120 0.151 0.186 0.234 0.251
p.Group 6.Zostera      0.088 0.037 0.025 0.032 0.061 0.085 0.112 0.154 0.169
p.Group 7.Zostera      0.072 0.042 0.012 0.015 0.036 0.065 0.105 0.145 0.157
p.Group 8.Zostera      0.053 0.029 0.009 0.012 0.028 0.051 0.074 0.102 0.111
