
################################################################################
# Gelman-Rubin Diagnostic
################################################################################

Generally the Gelman diagnostic should be < 1.05


Out of 314 variables: 299 > 1.01

                      
250 > 1.05

                      
231 > 1.1


The worst variables are:

              Point est. Upper C.I.
p.fac1[3,1]    14.985180   32.12965
p.fac1[3,3]    12.959288   26.39152
ilr.fac1[5,1]   7.829028   15.04643
ilr.fac1[3,1]   7.200123   15.03687
ilr.fac1[3,2]   6.583328   22.62325
p.fac1[5,1]     6.509699   15.78781
ilr.fac1[5,2]   6.438293   20.85216
p.fac1[5,3]     6.100232   13.11375
p.fac1[3,2]     5.501058   12.20277
p.fac1[1,3]     5.089534   12.34816


And here are the Gelman diagnostics for all variables:

              Point est. Upper C.I.
deviance       1.6354033   5.917492
ilr.fac1[1,1]        NaN        NaN
ilr.fac1[1,2]        NaN        NaN
ilr.fac1[1,3]        NaN        NaN
ilr.fac1[2,1]  5.0059948  11.857408
ilr.fac1[2,2]  4.7869506  10.456286
ilr.fac1[2,3]  2.3302789   6.157342
ilr.fac1[3,1]  7.2001226  15.036867
ilr.fac1[3,2]  6.5833277  22.623248
ilr.fac1[3,3]  1.4970538   2.481238
ilr.fac1[4,1]  1.3159721   1.918772
ilr.fac1[4,2]  1.1513042   1.472607
ilr.fac1[4,3]  1.4798992   2.926189
ilr.fac1[5,1]  7.8290279  15.046427
ilr.fac1[5,2]  6.4382930  20.852161
ilr.fac1[5,3]  2.5263840   6.615491
ilr.fac1[6,1]  4.3413627  10.143110
ilr.fac1[6,2]  3.9884571  11.880424
ilr.fac1[6,3]  2.0983671   3.960715
ilr.fac1[7,1]  1.9282846   4.083905
ilr.fac1[7,2]  1.2742037   1.741551
ilr.fac1[7,3]  1.3028068   1.811366
ilr.fac1[8,1]  1.5340083   2.799343
ilr.fac1[8,2]  1.3207473   1.854574
ilr.fac1[8,3]  1.1868497   1.543247
loglik[1]      1.7528579   7.361954
loglik[10]     1.7977121   2.924426
loglik[100]    1.4956978   2.260571
loglik[101]    1.4366322   2.230208
loglik[102]    1.7669707   3.746364
loglik[103]    1.6554211   2.766452
loglik[104]    1.8433572   3.403514
loglik[105]    1.3195466   1.915820
loglik[106]    1.7878269   4.042493
loglik[107]    1.2976232   1.810372
loglik[108]    1.3479127   2.028165
loglik[109]    1.4973372   2.754790
loglik[11]     1.0149311   1.032417
loglik[110]    1.9069996   3.654532
loglik[111]    1.1588417   1.458841
loglik[112]    1.2124310   1.595919
loglik[113]    1.0284062   1.097971
loglik[114]    1.1375863   1.409045
loglik[115]    1.1958134   1.569814
loglik[116]    1.0991054   1.301542
loglik[117]    1.0138045   1.036717
loglik[118]    1.0248128   1.058034
loglik[119]    1.1027783   1.315442
loglik[12]     1.1071590   1.326470
loglik[120]    1.0380531   1.112947
loglik[121]    1.0714831   1.211740
loglik[122]    1.1037832   1.311776
loglik[123]    1.0475831   1.152901
loglik[124]    1.0105610   1.040154
loglik[125]    1.0012341   1.006613
loglik[126]    1.0059507   1.023507
loglik[127]    1.0521542   1.168791
loglik[128]    1.0209436   1.073684
loglik[129]    1.0134501   1.049776
loglik[13]     1.0755708   1.227368
loglik[130]    1.0333510   1.110834
loglik[131]    1.0291119   1.101170
loglik[132]    1.0498969   1.160549
loglik[133]    1.0227211   1.081056
loglik[134]    1.0036907   1.011767
loglik[135]    1.0593083   1.185178
loglik[136]    1.0666192   1.209260
loglik[137]    1.0071349   1.027074
loglik[138]    1.0617730   1.199179
loglik[139]    1.0405622   1.136808
loglik[14]     1.0209884   1.040371
loglik[140]    1.0028767   1.006515
loglik[141]    1.0012814   1.006956
loglik[142]    1.0160915   1.054675
loglik[143]    1.0147649   1.045467
loglik[144]    1.0386372   1.131305
loglik[145]    1.0280948   1.092013
loglik[146]    1.0226519   1.080094
loglik[147]    1.0141730   1.052543
loglik[148]    1.0616197   1.197629
loglik[149]    1.0637957   1.199637
loglik[15]     1.0160329   1.035600
loglik[150]    1.0643826   1.204948
loglik[151]    1.0530301   1.174686
loglik[152]    1.0203696   1.073962
loglik[153]    1.0250415   1.082337
loglik[154]    1.0486978   1.155801
loglik[155]    1.0333749   1.108805
loglik[156]    1.0229966   1.077820
loglik[157]    0.9994504   1.000164
loglik[158]    1.0003286   1.003251
loglik[159]    1.0076355   1.029964
loglik[16]     1.6728411   2.651645
loglik[160]    1.0325907   1.109242
loglik[161]    1.0342317   1.118990
loglik[162]    1.0076355   1.029964
loglik[163]    1.0325907   1.109242
loglik[164]    1.3025369   1.890643
loglik[165]    1.4050068   2.151661
loglik[166]    1.2507404   1.720539
loglik[167]    1.1227428   1.337678
loglik[168]    1.3416299   2.005631
loglik[169]    1.3015646   1.907507
loglik[17]     1.4218069   2.101280
loglik[170]    1.1836707   1.537866
loglik[171]    1.1580899   1.452401
loglik[172]    1.1254673   1.353150
loglik[173]    1.2014014   1.592838
loglik[174]    1.1594701   1.462420
loglik[175]    1.1723625   1.500522
loglik[176]    1.1437218   1.403960
loglik[177]    1.3072955   1.903749
loglik[178]    1.1039678   1.296059
loglik[179]    1.0449227   1.134501
loglik[18]     1.6218428   2.547844
loglik[180]    1.0271311   1.083441
loglik[181]    1.1723625   1.500522
loglik[182]    1.0014735   1.002793
loglik[183]    1.1828614   1.520853
loglik[184]    1.1787158   1.574907
loglik[185]    1.2177078   1.762662
loglik[186]    1.3948091   2.313502
loglik[187]    1.7153071   3.628684
loglik[188]    1.2145601   1.631498
loglik[189]    2.1345351   5.493564
loglik[19]     1.0225902   1.061225
loglik[190]    1.1572661   1.494240
loglik[191]    1.4441924   2.510539
loglik[192]    1.4155633   2.120026
loglik[193]    1.1567250   1.489811
loglik[194]    1.7013455   3.772798
loglik[195]    1.3703189   2.055882
loglik[196]    1.5380525   3.089966
loglik[197]    1.1188890   1.373910
loglik[198]    1.2570638   1.951630
loglik[199]    1.4718789   3.108154
loglik[2]      1.7711942   7.757308
loglik[20]     1.4988987   2.265452
loglik[200]    1.4087763   2.101110
loglik[201]    1.3050329   1.841099
loglik[202]    1.6149766   3.637467
loglik[203]    1.6920222   3.148063
loglik[204]    1.4775465   2.760547
loglik[205]    1.2345586   1.666465
loglik[206]    1.7412688   3.177011
loglik[207]    1.6964174   3.685075
loglik[208]    1.4518943   2.574014
loglik[209]    1.2771273   1.783443
loglik[21]     1.1785701   1.511756
loglik[210]    1.2873566   2.120093
loglik[211]    1.6130872   2.896866
loglik[212]    1.0670042   1.169199
loglik[213]    2.1848049   5.743989
loglik[214]    1.4598695   2.661691
loglik[215]    1.5990318   3.254952
loglik[216]    1.5077300   3.091112
loglik[217]    1.7433800   4.476030
loglik[218]    1.3394988   2.221010
loglik[219]    1.1241546   1.370086
loglik[22]     1.0113025   1.016223
loglik[220]    1.3034239   2.078775
loglik[221]    1.7949295   3.306115
loglik[222]    1.3650101   1.992842
loglik[223]    2.0732771   3.868640
loglik[224]    1.6624567   3.773568
loglik[225]    1.7344930   3.673583
loglik[226]    1.4212936   2.917268
loglik[227]    1.4448132   2.908721
loglik[228]    1.8056039   3.446373
loglik[229]    2.1167980   5.421529
loglik[23]     1.3323379   1.882879
loglik[230]    1.2313359   1.722533
loglik[231]    1.7445124   3.206989
loglik[232]    1.4959095   2.410843
loglik[233]    2.2467657   4.391153
loglik[234]    2.2418444   4.428874
loglik[235]    1.7636693   3.495210
loglik[236]    1.5334467   3.096380
loglik[237]    1.5240213   3.533004
loglik[238]    1.2922758   1.929058
loglik[239]    1.6278153   3.450294
loglik[24]     1.1228032   1.362945
loglik[240]    1.5596747   3.181479
loglik[241]    1.7329659   4.370152
loglik[242]    1.3537515   2.279219
loglik[243]    1.3803914   2.117061
loglik[244]    1.7882751   3.683980
loglik[245]    1.0675677   1.205735
loglik[246]    1.6683813   3.991090
loglik[247]    1.6210774   3.189375
loglik[248]    1.9461732   3.553515
loglik[249]    2.2944568   5.381257
loglik[25]     1.1133673   1.341285
loglik[250]    2.1930943   5.490828
loglik[251]    1.1621832   1.466945
loglik[26]     1.1708644   1.493371
loglik[27]     1.1778614   1.517432
loglik[28]     1.5042315   2.279803
loglik[29]     1.1221522   1.367951
loglik[3]      1.7846334   7.297133
loglik[30]     1.5265523   2.338577
loglik[31]     1.3389350   1.909509
loglik[32]     1.0111933   1.027153
loglik[33]     1.0235960   1.080291
loglik[34]     1.0441750   1.135759
loglik[35]     1.2536197   1.706168
loglik[36]     1.0173253   1.059356
loglik[37]     1.0115296   1.020309
loglik[38]     1.0604584   1.176348
loglik[39]     1.8687454   4.144692
loglik[4]      1.8139080   7.949088
loglik[40]     1.2710289   1.744520
loglik[41]     1.8520169   4.081099
loglik[42]     1.8205371   3.995358
loglik[43]     1.3303024   1.885233
loglik[44]     1.4940305   2.640623
loglik[45]     1.0388264   1.131013
loglik[46]     1.0279261   1.075407
loglik[47]     1.2691737   1.745145
loglik[48]     1.7263018   3.589486
loglik[49]     1.8386244   3.890019
loglik[5]      1.7405727   7.353877
loglik[50]     1.0249031   1.061483
loglik[51]     1.1470965   1.449181
loglik[52]     1.7451679   3.833195
loglik[53]     1.5787066   2.544642
loglik[54]     1.0939456   1.297261
loglik[55]     1.4087144   2.155790
loglik[56]     1.7088366   3.321248
loglik[57]     1.8081273   3.983811
loglik[58]     1.8678432   4.283255
loglik[59]     1.6448436   3.398230
loglik[6]      1.7790491   7.112658
loglik[60]     1.7621894   3.872916
loglik[61]     1.0327745   1.112963
loglik[62]     1.4279498   2.473342
loglik[63]     1.1245386   1.371052
loglik[64]     1.8478346   4.337474
loglik[65]     1.0197566   1.064880
loglik[66]     1.7523895   3.371164
loglik[67]     1.2671751   1.785383
loglik[68]     1.7653542   3.450096
loglik[69]     1.1372844   1.400918
loglik[7]      1.6750577   6.242615
loglik[70]     1.8283741   3.952541
loglik[71]     1.8010996   3.648971
loglik[72]     1.5857639   2.728542
loglik[73]     1.7855916   3.794519
loglik[74]     1.4231442   2.096730
loglik[75]     1.1830204   1.543255
loglik[76]     1.3244458   1.869819
loglik[77]     1.3385296   1.922994
loglik[78]     1.8435600   3.935776
loglik[79]     1.8055277   3.955573
loglik[8]      1.4126757   3.153892
loglik[80]     1.8616476   4.140368
loglik[81]     1.7367999   3.843831
loglik[82]     1.7071175   3.203991
loglik[83]     1.8679156   4.373168
loglik[84]     1.0156976   1.051007
loglik[85]     1.5322649   2.565082
loglik[86]     1.1408214   1.425403
loglik[87]     1.0039137   1.007854
loglik[88]     1.8511640   4.141441
loglik[89]     1.2678537   1.753152
loglik[9]      1.5208039   4.456078
loglik[90]     1.5154999   2.675229
loglik[91]     1.7277180   3.385736
loglik[92]     1.8728435   4.416464
loglik[93]     1.0506661   1.130058
loglik[94]     1.0126847   1.034106
loglik[95]     1.0109936   1.011414
loglik[96]     1.0143668   1.026824
loglik[97]     1.0887955   1.277924
loglik[98]     1.2697920   1.828155
loglik[99]     1.1660707   1.479639
p.fac1[1,1]    4.7479847  12.913139
p.fac1[1,2]    2.1517737   9.802279
p.fac1[1,3]    5.0895339  12.348157
p.fac1[1,4]    1.6123450   3.968672
p.fac1[2,1]    3.0644559   7.532875
p.fac1[2,2]    2.5349000   4.884989
p.fac1[2,3]    2.9951705   6.299410
p.fac1[2,4]    1.6089754   2.505475
p.fac1[3,1]   14.9851800  32.129646
p.fac1[3,2]    5.5010582  12.202766
p.fac1[3,3]   12.9592883  26.391523
p.fac1[3,4]    1.8145443   3.076573
p.fac1[4,1]    1.3255696   2.303718
p.fac1[4,2]    1.0618453   1.156241
p.fac1[4,3]    2.1921495   4.138690
p.fac1[4,4]    1.1807168   1.548169
p.fac1[5,1]    6.5096995  15.787810
p.fac1[5,2]    4.1438030   8.006814
p.fac1[5,3]    6.1002319  13.113753
p.fac1[5,4]    1.9903386   3.344523
p.fac1[6,1]    2.1897152   4.850744
p.fac1[6,2]    1.7749525   3.567343
p.fac1[6,3]    2.1363530   4.170865
p.fac1[6,4]    1.2153860   1.610692
p.fac1[7,1]    4.1282176  11.994879
p.fac1[7,2]    2.7682209   6.681903
p.fac1[7,3]    1.7800816   3.399556
p.fac1[7,4]    1.8323053   3.418094
p.fac1[8,1]    2.9861536   7.016292
p.fac1[8,2]    1.7384415   3.469254
p.fac1[8,3]    1.3421611   2.039692
p.fac1[8,4]    1.7756634   3.155673
p.global[1]    4.7479847  12.913139
p.global[2]    2.1517737   9.802279
p.global[3]    5.0895339  12.348157
p.global[4]    1.6123450   3.968672
resid.prop[1]  1.0770210   1.246401
resid.prop[2]  1.0497727   1.145044

################################################################################
# Geweke Diagnostic
################################################################################

The Geweke diagnostic is a standard z-score, so we'd expect 5% to be outside +/-1.96
Number of variables outside +/-1.96 in each chain (out of 
314
):


       Chain 1 Chain 2 Chain 3
Geweke     149     246     173


And here are the Geweke diagnostics for all variables:

               chain1  chain2 chain3
deviance        8.326  53.955 -0.521
ilr.fac1[2,1]   1.846   3.047  0.461
ilr.fac1[2,2]   2.022   0.541 -3.520
ilr.fac1[2,3]  -1.087 -17.936 -3.037
ilr.fac1[3,1]   4.415   3.180  1.889
ilr.fac1[3,2]   6.246   1.612 -0.756
ilr.fac1[3,3]  -0.427  -7.439 -2.668
ilr.fac1[4,1]  -1.006  -0.402  1.825
ilr.fac1[4,2]  -0.036  -2.435 -1.545
ilr.fac1[4,3]  -3.050 -10.461 -1.233
ilr.fac1[5,1]  -1.171   4.645  5.194
ilr.fac1[5,2]  -0.974   1.622  0.988
ilr.fac1[5,3]  -7.693 -14.615 -0.188
ilr.fac1[6,1]  -5.822   3.740 -3.938
ilr.fac1[6,2]  -9.224   4.489 -9.898
ilr.fac1[6,3]  -4.332  -8.883 -2.570
ilr.fac1[7,1]   1.454   4.212 -7.696
ilr.fac1[7,2]  -0.525  -1.365  0.527
ilr.fac1[7,3]   1.567  -1.280 -1.630
ilr.fac1[8,1]  -1.058   5.852 -2.369
ilr.fac1[8,2]  -2.306  -3.644  2.003
ilr.fac1[8,3]  -1.891  -2.798 -1.782
loglik[1]      -6.153 -35.810 -3.124
loglik[10]      0.423  -1.512  0.861
loglik[100]    -2.236   0.956  2.621
loglik[101]    -0.986 -17.800 -4.456
loglik[102]     1.786 -18.534 -5.019
loglik[103]    -1.070  26.220  3.177
loglik[104]    -1.738  35.105  3.223
loglik[105]     1.763 -13.343 -3.490
loglik[106]     2.022 -17.300 -3.820
loglik[107]     1.337  10.234  4.204
loglik[108]     2.216 -11.897 -2.234
loglik[109]     1.742 -20.875 -1.075
loglik[11]      0.836   0.812 -1.565
loglik[110]    -2.114  29.548  3.035
loglik[111]    -0.167   6.840  2.372
loglik[112]     1.945  -6.821  0.884
loglik[113]     2.856   2.760 -1.622
loglik[114]    -1.957  -1.745  0.645
loglik[115]    -2.107  -0.980  0.038
loglik[116]    -1.996   2.750  0.298
loglik[117]    -1.877   1.167 -0.239
loglik[118]    -1.652   0.704  1.947
loglik[119]    -2.328   2.647 -0.508
loglik[12]     -0.693   2.815 -0.358
loglik[120]    -1.360   3.975  1.347
loglik[121]     2.929  -9.430  1.539
loglik[122]     4.359 -11.491  2.282
loglik[123]    -3.235   2.520  3.812
loglik[124]     1.512  -0.753 -0.629
loglik[125]    -0.631  -0.098  2.761
loglik[126]     0.958   0.154  0.115
loglik[127]    -2.808   3.455  3.275
loglik[128]     0.426   0.820 -1.648
loglik[129]    -2.384   0.017  1.301
loglik[13]     -0.289   0.721  1.182
loglik[130]    -3.089   1.812  3.528
loglik[131]     2.520  -2.135 -2.582
loglik[132]    -2.761   2.807  3.575
loglik[133]    -1.129   1.583  0.107
loglik[134]    -1.051   0.766  3.956
loglik[135]    -2.831   2.776  5.097
loglik[136]    -3.297   4.456  4.166
loglik[137]     0.267  -1.953 -2.694
loglik[138]    -3.122   4.052  2.921
loglik[139]     4.605  -4.013 -2.686
loglik[14]     -0.592   2.168 -0.253
loglik[140]    -0.419   0.852  2.734
loglik[141]     0.257  -0.688  1.402
loglik[142]    -2.219   1.717  5.560
loglik[143]     2.091  -2.505 -1.383
loglik[144]    -0.738   1.963  0.238
loglik[145]    -2.669   1.750  6.342
loglik[146]    -0.085   1.119 -0.931
loglik[147]    -1.657   2.114  1.996
loglik[148]    -2.785   3.971  3.050
loglik[149]    -3.167   2.471  4.756
loglik[15]      0.855   0.867 -1.604
loglik[150]    -3.203   4.130  3.351
loglik[151]    -3.042   3.116  3.822
loglik[152]     2.603  -2.427 -1.694
loglik[153]    -2.287   1.628  7.100
loglik[154]    -2.720   3.446  6.678
loglik[155]    -2.669   2.160  6.273
loglik[156]    -2.405   1.706  5.368
loglik[157]     0.582  -0.573 -3.811
loglik[158]     0.889  -0.665 -4.331
loglik[159]    -1.360  -0.269 -0.599
loglik[16]      0.598  -1.283  0.579
loglik[160]    -3.704   1.988  5.387
loglik[161]    -2.679   3.806  3.855
loglik[162]    -1.360  -0.269 -0.599
loglik[163]    -3.704   1.988  5.387
loglik[164]   -16.280 -38.882  5.593
loglik[165]     7.522   1.958 -1.648
loglik[166]   -15.895 -32.815  3.740
loglik[167]    -5.693 -15.413  5.814
loglik[168]   -15.271 -32.890  4.028
loglik[169]   -16.744 -37.944  4.875
loglik[17]      1.667  -2.188  1.514
loglik[170]   -13.067 -26.037  8.631
loglik[171]    -7.894 -18.133  6.306
loglik[172]    -5.344 -14.755  8.430
loglik[173]   -15.549 -30.188  7.026
loglik[174]   -10.723 -15.474 -3.408
loglik[175]   -10.338 -17.843  9.315
loglik[176]    -8.110 -20.557  5.748
loglik[177]   -13.168 -30.405  3.815
loglik[178]    -4.926 -13.087  9.137
loglik[179]    -0.793  -9.619  7.013
loglik[18]      0.857  -1.438  0.691
loglik[180]    -5.849 -11.820  3.260
loglik[181]   -10.338 -17.843  9.315
loglik[182]     0.386  -8.257  0.776
loglik[183]   -10.520 -13.455 -3.602
loglik[184]     1.682  -7.597  2.893
loglik[185]    -0.741 -15.972  0.699
loglik[186]     2.216  -7.143  2.536
loglik[187]    -2.229 -34.158 -0.360
loglik[188]     2.141  -1.414  5.326
loglik[189]    -0.559  40.530 -0.850
loglik[19]     -0.594   1.430  0.376
loglik[190]     0.971  -4.127  3.390
loglik[191]     1.204  -9.150  0.544
loglik[192]    -2.079 -15.351 -2.305
loglik[193]     2.480  -6.664  4.696
loglik[194]    -2.166 -35.605  0.645
loglik[195]    -2.427 -18.709 -3.570
loglik[196]    -0.992 -13.717 -0.973
loglik[197]     2.357  -2.670  4.896
loglik[198]    -0.884 -17.859  0.716
loglik[199]    -0.400 -16.322  0.289
loglik[2]      -7.492 -28.555 -3.206
loglik[20]      1.116  -3.327  1.311
loglik[200]    -2.066 -14.973 -2.300
loglik[201]    -2.144 -12.488 -3.059
loglik[202]    -1.952 -27.223  0.270
loglik[203]    -2.240 -28.075 -0.786
loglik[204]     1.084  -8.295  0.650
loglik[205]    -2.149 -10.187 -3.444
loglik[206]    -1.269 -14.193  0.997
loglik[207]    -2.288 -27.843 -0.375
loglik[208]     1.541  -7.646  1.014
loglik[209]    -2.334 -14.437 -3.772
loglik[21]     -0.236  -0.488  0.194
loglik[210]     0.314 -10.346  1.082
loglik[211]    -2.485 -27.657 -1.807
loglik[212]     1.558  -5.823  4.130
loglik[213]    -3.216  43.427 -2.815
loglik[214]     1.346  -7.964  1.177
loglik[215]    -1.994 -19.607 -1.303
loglik[216]    -2.434 -21.422 -3.077
loglik[217]    -1.937 -22.854 -1.674
loglik[218]    -2.485 -20.056 -3.732
loglik[219]    -2.710 -16.065 -4.796
loglik[22]      1.166  -1.292  0.442
loglik[220]    -2.934 -19.242 -3.662
loglik[221]     3.956 -23.613 -3.750
loglik[222]     3.464 -15.715 -4.331
loglik[223]     0.793  25.269  1.432
loglik[224]    -1.565 -19.579 -2.803
loglik[225]    -1.168 -19.133 -0.343
loglik[226]    -3.459 -23.242 -1.741
loglik[227]    -1.994 -21.347  0.336
loglik[228]     3.377 -26.963 -3.968
loglik[229]     1.171 -23.989 -2.092
loglik[23]      0.632  -3.891  1.580
loglik[230]    -1.849 -16.396 -4.534
loglik[231]     3.355 -25.428 -4.081
loglik[232]     2.637 -22.614 -4.709
loglik[233]     3.736 -21.326  0.697
loglik[234]     3.416 -22.366  0.586
loglik[235]     2.062 -31.531 -3.622
loglik[236]    -1.700 -18.787 -3.222
loglik[237]    -3.240 -24.145 -1.120
loglik[238]    -1.106 -18.120 -4.516
loglik[239]    -0.972 -20.658 -3.167
loglik[24]     -0.581  -0.182  0.868
loglik[240]    -2.840 -21.759  0.905
loglik[241]    -1.752 -22.716 -1.914
loglik[242]    -1.069 -16.021  1.493
loglik[243]    -1.517   4.620  1.865
loglik[244]     1.696 -34.427 -3.489
loglik[245]     0.302  -4.928  5.068
loglik[246]    -1.806 -22.454 -2.195
loglik[247]     0.195 -22.421 -3.689
loglik[248]    -0.950  27.248  1.419
loglik[249]     3.880 -31.632 -1.939
loglik[25]      2.138  -0.732 -0.224
loglik[250]     2.453 -30.229 -2.031
loglik[251]    -3.948 -17.655 -3.594
loglik[26]     -0.435  -0.198  0.246
loglik[27]     -0.848   1.169  0.136
loglik[28]      0.200  -1.564  1.613
loglik[29]      0.763  -0.521 -0.352
loglik[3]      -6.341 -31.624 -1.783
loglik[30]      0.859  -1.365  0.839
loglik[31]     -0.194  -0.141  0.531
loglik[32]      0.358   0.336 -0.989
loglik[33]     -0.711   0.236 -0.069
loglik[34]      1.216  -1.980  1.020
loglik[35]     -0.644   3.917 -0.822
loglik[36]     -0.714   0.121 -0.094
loglik[37]      0.906  -1.825  0.860
loglik[38]      1.158   2.239 -1.779
loglik[39]      0.898 -28.625 -5.579
loglik[4]      -6.926 -29.448 -2.245
loglik[40]      1.678  -7.358  0.251
loglik[41]      1.025 -29.022 -5.228
loglik[42]      1.809 -16.966 -4.692
loglik[43]      0.417 -11.356 -0.863
loglik[44]      3.116 -12.429 -1.381
loglik[45]     -2.517  -7.134 -1.684
loglik[46]     -2.349  -4.113 -0.110
loglik[47]      2.119  -7.817  0.356
loglik[48]      2.454 -15.729 -3.490
loglik[49]      0.424 -28.052 -5.381
loglik[5]      -5.982 -35.507 -3.422
loglik[50]     -2.253  -4.348 -0.127
loglik[51]      1.162  -0.890  2.976
loglik[52]      2.124 -17.104 -3.438
loglik[53]      0.028  23.025  3.575
loglik[54]      2.406  -8.507  0.786
loglik[55]      0.234 -16.760 -4.151
loglik[56]      1.215 -21.173 -5.238
loglik[57]      1.728 -19.095 -5.103
loglik[58]      1.613 -19.926 -5.234
loglik[59]      1.661 -18.502 -1.741
loglik[6]      -6.196 -33.399 -1.368
loglik[60]      2.355 -16.547 -3.508
loglik[61]      2.219  -7.636  3.051
loglik[62]      1.676 -20.111 -1.076
loglik[63]     -2.325 -10.606 -2.625
loglik[64]      1.962 -17.275 -4.346
loglik[65]      1.604  -4.585  0.882
loglik[66]      0.459 -23.956 -4.847
loglik[67]      2.998  -9.905  0.123
loglik[68]     -0.254 -22.184 -5.285
loglik[69]      2.842  -7.924  2.025
loglik[7]      -5.551 -45.459 -3.307
loglik[70]      1.475 -19.581 -5.074
loglik[71]      0.027 -22.486 -5.355
loglik[72]     -0.837 -21.630 -4.354
loglik[73]      1.923 -16.192 -4.327
loglik[74]     -2.130   3.718  1.258
loglik[75]     -0.067  -4.880  1.026
loglik[76]     -1.349 -15.054 -2.251
loglik[77]      1.633  -8.350 -0.372
loglik[78]      0.420 -23.300 -5.600
loglik[79]      1.975 -16.445 -4.468
loglik[8]       8.403 -35.681 -0.620
loglik[80]      1.026 -29.435 -5.588
loglik[81]      1.639 -17.527 -2.952
loglik[82]      1.209 -20.119 -3.885
loglik[83]      1.768 -17.917 -5.046
loglik[84]      1.621  -4.295  1.021
loglik[85]      0.598 -19.160 -4.824
loglik[86]      2.369  -8.521 -0.426
loglik[87]      1.690  -2.236  2.184
loglik[88]      1.359 -19.248 -4.993
loglik[89]     -0.108 -13.536 -3.547
loglik[9]      -4.507 -48.888 -3.637
loglik[90]      3.212 -12.682 -1.571
loglik[91]      1.660 -15.613 -3.989
loglik[92]      1.712 -19.302 -5.164
loglik[93]      0.038 -11.565 -0.047
loglik[94]     -0.486  -7.729  0.865
loglik[95]     -0.391  -8.685  0.456
loglik[96]     -1.487  -6.129  0.260
loglik[97]     -1.931  -3.428  1.004
loglik[98]      2.407 -14.175 -0.772
loglik[99]      2.911  -8.284  1.746
p.fac1[1,1]    -7.136  13.956  7.104
p.fac1[1,2]     4.439  11.863  0.392
p.fac1[1,3]     4.182   8.872 -6.362
p.fac1[1,4]    -2.920 -19.000 -3.649
p.fac1[2,1]    -0.214   1.412  2.445
p.fac1[2,2]     0.434  -2.652 -2.027
p.fac1[2,3]     0.280  -0.923 -3.490
p.fac1[2,4]     0.032  -2.506  0.836
p.fac1[3,1]     0.476   6.290  5.393
p.fac1[3,2]     0.281  -8.753 -4.193
p.fac1[3,3]    -0.062  -1.716 -8.779
p.fac1[3,4]    -0.464  -5.802  1.094
p.fac1[4,1]    -2.163  -1.085  3.880
p.fac1[4,2]     3.249   2.756 -2.314
p.fac1[4,3]    -0.407   1.828 -0.256
p.fac1[4,4]     1.026   0.299 -2.962
p.fac1[5,1]    -3.040   2.602  8.729
p.fac1[5,2]     4.049  -3.777 -1.927
p.fac1[5,3]     2.852  -1.304 -4.068
p.fac1[5,4]     1.478  -1.632  0.606
p.fac1[6,1]   -10.141   4.399 -0.821
p.fac1[6,2]     6.700  -7.551 -0.324
p.fac1[6,3]    15.828  -3.952  0.878
p.fac1[6,4]     1.851  -5.477 -0.683
p.fac1[7,1]    -0.435   3.395  4.117
p.fac1[7,2]    -1.793  -8.042 -3.042
p.fac1[7,3]     2.553   3.154 -4.131
p.fac1[7,4]    -3.138  -1.373 -3.032
p.fac1[8,1]    -3.301   3.554  7.584
p.fac1[8,2]    -0.083 -13.806 -5.953
p.fac1[8,3]     1.694   6.979 -5.651
p.fac1[8,4]    -0.219  -1.406 -3.515
p.global[1]    -7.136  13.956  7.104
p.global[2]     4.439  11.863  0.392
p.global[3]     4.182   8.872 -6.362
p.global[4]    -2.920 -19.000 -3.649
resid.prop[1]   0.523  -5.370 -4.006
resid.prop[2]   2.956   4.144  1.357
