
#################################################################
# Summary Statistics
#################################################################

DIC = 91.61761

                           Mean    SD  2.5%    5%   25%   50%   75%   95% 97.5%
Epsilon.1                 3.098 1.438 1.155 1.328 2.035 2.809 3.818 6.131 6.851
Epsilon.2                 0.930 0.417 0.350 0.395 0.624 0.855 1.154 1.698 1.908
p.Region 1.Deer           0.803 0.024 0.761 0.765 0.785 0.804 0.820 0.843 0.845
p.Region 2.Deer           0.504 0.083 0.342 0.357 0.438 0.520 0.576 0.614 0.626
p.Region 3.Deer           0.376 0.078 0.195 0.230 0.327 0.390 0.435 0.481 0.494
p.Region 1.Marine Mammals 0.118 0.039 0.050 0.054 0.083 0.119 0.151 0.173 0.176
p.Region 2.Marine Mammals 0.252 0.131 0.019 0.029 0.127 0.296 0.361 0.403 0.413
p.Region 3.Marine Mammals 0.459 0.084 0.238 0.295 0.425 0.475 0.514 0.558 0.571
p.Region 1.Salmon         0.080 0.053 0.009 0.010 0.020 0.086 0.117 0.172 0.183
p.Region 2.Salmon         0.244 0.208 0.004 0.006 0.048 0.182 0.439 0.603 0.626
p.Region 3.Salmon         0.165 0.148 0.004 0.007 0.047 0.128 0.239 0.464 0.549
