
#################################################################
# Summary Statistics
#################################################################

DIC = 693.6284

                      Mean    SD  2.5%    5%   25%   50%   75%   95% 97.5%
Epsilon.1            0.276 0.115 0.125 0.141 0.195 0.252 0.328 0.496 0.558
Epsilon.2            0.483 0.149 0.256 0.279 0.378 0.461 0.565 0.755 0.841
Epsilon.3            0.099 0.048 0.038 0.044 0.068 0.090 0.118 0.189 0.222
ind.SD               2.133 0.598 1.301 1.406 1.745 2.031 2.409 3.143 3.476
p.Snook.FB           0.078 0.072 0.009 0.014 0.034 0.056 0.095 0.217 0.284
p.Tarpon.FB          0.420 0.213 0.050 0.078 0.260 0.406 0.572 0.788 0.836
p.Snook.MBD          0.110 0.061 0.023 0.031 0.065 0.099 0.144 0.221 0.256
p.Tarpon.MBD         0.079 0.065 0.006 0.010 0.031 0.063 0.109 0.207 0.245
p.Snook.MBZ          0.217 0.086 0.082 0.095 0.155 0.208 0.268 0.372 0.414
p.Tarpon.MBZ         0.062 0.057 0.006 0.009 0.024 0.046 0.082 0.165 0.207
p.Snook.MP           0.595 0.126 0.332 0.377 0.517 0.605 0.685 0.788 0.817
p.Tarpon.MP          0.439 0.220 0.072 0.105 0.271 0.423 0.591 0.834 0.882
p.Snook.ind 5.FB     0.068 0.156 0.000 0.000 0.003 0.013 0.049 0.421 0.621
p.Snook.ind 5.MBD    0.174 0.204 0.000 0.000 0.010 0.087 0.294 0.568 0.696
p.Snook.ind 5.MBZ    0.037 0.068 0.000 0.000 0.004 0.017 0.043 0.126 0.179
p.Snook.ind 5.MP     0.722 0.272 0.017 0.063 0.585 0.807 0.939 0.992 0.996
p.Snook.ind 6.FB     0.059 0.087 0.000 0.000 0.005 0.023 0.079 0.238 0.304
p.Snook.ind 6.MBD    0.071 0.085 0.000 0.001 0.008 0.038 0.107 0.242 0.288
p.Snook.ind 6.MBZ    0.626 0.187 0.191 0.316 0.518 0.625 0.748 0.935 0.966
p.Snook.ind 6.MP     0.245 0.176 0.002 0.009 0.100 0.229 0.351 0.543 0.649
p.Snook.ind 7.FB     0.029 0.051 0.000 0.000 0.002 0.010 0.033 0.121 0.178
p.Snook.ind 7.MBD    0.038 0.052 0.000 0.000 0.004 0.016 0.052 0.142 0.183
p.Snook.ind 7.MBZ    0.767 0.181 0.312 0.453 0.673 0.799 0.907 0.986 0.994
p.Snook.ind 7.MP     0.166 0.168 0.000 0.002 0.034 0.120 0.252 0.469 0.590
p.Snook.ind 8.FB     0.065 0.105 0.000 0.000 0.005 0.022 0.081 0.273 0.362
p.Snook.ind 8.MBD    0.148 0.143 0.000 0.001 0.026 0.111 0.234 0.413 0.476
p.Snook.ind 8.MBZ    0.307 0.201 0.002 0.010 0.156 0.304 0.430 0.662 0.772
p.Snook.ind 8.MP     0.480 0.237 0.024 0.069 0.322 0.470 0.631 0.915 0.967
p.Snook.ind 9.FB     0.046 0.080 0.000 0.000 0.003 0.015 0.054 0.197 0.278
p.Snook.ind 9.MBD    0.042 0.055 0.000 0.000 0.005 0.021 0.059 0.158 0.195
p.Snook.ind 9.MBZ    0.655 0.205 0.122 0.280 0.540 0.669 0.798 0.964 0.985
p.Snook.ind 9.MP     0.257 0.199 0.001 0.004 0.096 0.230 0.373 0.619 0.782
p.Snook.ind 14.FB    0.098 0.154 0.000 0.000 0.005 0.031 0.117 0.436 0.540
p.Snook.ind 14.MBD   0.272 0.213 0.000 0.001 0.066 0.269 0.424 0.638 0.723
p.Snook.ind 14.MBZ   0.062 0.100 0.000 0.001 0.008 0.030 0.075 0.208 0.331
p.Snook.ind 14.MP    0.568 0.273 0.013 0.055 0.387 0.579 0.788 0.976 0.989
p.Snook.ind 15.FB    0.069 0.096 0.000 0.000 0.006 0.030 0.095 0.260 0.336
p.Snook.ind 15.MBD   0.059 0.071 0.000 0.000 0.008 0.030 0.087 0.207 0.248
p.Snook.ind 15.MBZ   0.649 0.182 0.248 0.353 0.539 0.656 0.768 0.941 0.973
p.Snook.ind 15.MP    0.224 0.175 0.002 0.006 0.082 0.201 0.323 0.536 0.627
p.Snook.ind 16.FB    0.044 0.071 0.000 0.000 0.004 0.018 0.051 0.185 0.239
p.Snook.ind 16.MBD   0.241 0.183 0.000 0.002 0.069 0.236 0.366 0.553 0.620
p.Snook.ind 16.MBZ   0.632 0.203 0.179 0.294 0.506 0.625 0.780 0.960 0.981
p.Snook.ind 16.MP    0.084 0.098 0.001 0.002 0.018 0.053 0.118 0.266 0.327
p.Snook.ind 17.FB    0.349 0.395 0.000 0.000 0.006 0.077 0.789 0.977 0.990
p.Snook.ind 17.MBD   0.019 0.027 0.000 0.000 0.002 0.008 0.024 0.070 0.100
p.Snook.ind 17.MBZ   0.102 0.156 0.000 0.000 0.007 0.039 0.131 0.409 0.590
p.Snook.ind 17.MP    0.531 0.396 0.001 0.003 0.074 0.658 0.923 0.992 0.996
p.Snook.ind 18.FB    0.076 0.105 0.000 0.000 0.007 0.033 0.106 0.295 0.374
p.Snook.ind 18.MBD   0.469 0.206 0.007 0.045 0.363 0.483 0.596 0.796 0.877
p.Snook.ind 18.MBZ   0.138 0.142 0.000 0.002 0.028 0.102 0.201 0.416 0.508
p.Snook.ind 18.MP    0.317 0.221 0.005 0.015 0.148 0.294 0.435 0.769 0.899
p.Snook.ind 19.FB    0.037 0.061 0.000 0.000 0.003 0.014 0.045 0.152 0.198
p.Snook.ind 19.MBD   0.712 0.200 0.042 0.318 0.626 0.736 0.847 0.967 0.984
p.Snook.ind 19.MBZ   0.051 0.067 0.000 0.001 0.007 0.027 0.068 0.180 0.230
p.Snook.ind 19.MP    0.200 0.194 0.001 0.004 0.053 0.155 0.284 0.567 0.821
p.Snook.ind 20.FB    0.146 0.191 0.000 0.000 0.009 0.060 0.218 0.570 0.686
p.Snook.ind 20.MBD   0.098 0.105 0.000 0.001 0.011 0.059 0.156 0.307 0.354
p.Snook.ind 20.MBZ   0.170 0.157 0.000 0.002 0.039 0.136 0.258 0.459 0.539
p.Snook.ind 20.MP    0.586 0.246 0.034 0.100 0.441 0.598 0.774 0.967 0.985
p.Snook.ind 21.FB    0.059 0.084 0.000 0.000 0.005 0.025 0.079 0.235 0.289
p.Snook.ind 21.MBD   0.435 0.200 0.005 0.023 0.327 0.447 0.559 0.752 0.846
p.Snook.ind 21.MBZ   0.265 0.190 0.002 0.008 0.117 0.251 0.370 0.600 0.730
p.Snook.ind 21.MP    0.240 0.201 0.003 0.008 0.086 0.199 0.339 0.640 0.795
p.Snook.ind 23.FB    0.130 0.266 0.000 0.000 0.002 0.012 0.074 0.887 0.958
p.Snook.ind 23.MBD   0.032 0.050 0.000 0.000 0.002 0.012 0.041 0.131 0.178
p.Snook.ind 23.MBZ   0.027 0.039 0.000 0.000 0.003 0.012 0.035 0.105 0.142
p.Snook.ind 23.MP    0.810 0.274 0.007 0.043 0.805 0.920 0.973 0.996 0.998
p.Snook.ind 25.FB    0.115 0.174 0.000 0.000 0.006 0.033 0.152 0.503 0.625
p.Snook.ind 25.MBD   0.099 0.110 0.000 0.000 0.011 0.059 0.159 0.308 0.364
p.Snook.ind 25.MBZ   0.113 0.119 0.000 0.001 0.018 0.075 0.173 0.347 0.420
p.Snook.ind 25.MP    0.672 0.225 0.101 0.224 0.545 0.691 0.850 0.982 0.993
p.Snook.ind 26.FB    0.119 0.274 0.000 0.000 0.001 0.008 0.043 0.928 0.974
p.Snook.ind 26.MBD   0.022 0.043 0.000 0.000 0.002 0.007 0.027 0.091 0.132
p.Snook.ind 26.MBZ   0.022 0.030 0.000 0.000 0.002 0.010 0.029 0.082 0.111
p.Snook.ind 26.MP    0.837 0.279 0.006 0.025 0.871 0.945 0.981 0.997 0.999
p.Snook.ind 27.FB    0.089 0.185 0.000 0.000 0.002 0.014 0.067 0.538 0.751
p.Snook.ind 27.MBD   0.034 0.049 0.000 0.000 0.003 0.014 0.044 0.134 0.177
p.Snook.ind 27.MBZ   0.052 0.063 0.000 0.000 0.006 0.026 0.076 0.179 0.225
p.Snook.ind 27.MP    0.826 0.204 0.081 0.356 0.779 0.891 0.957 0.994 0.997
p.Snook.ind 31.FB    0.073 0.151 0.000 0.000 0.002 0.014 0.068 0.354 0.604
p.Snook.ind 31.MBD   0.057 0.076 0.000 0.000 0.004 0.023 0.081 0.221 0.274
p.Snook.ind 31.MBZ   0.056 0.070 0.000 0.000 0.007 0.029 0.079 0.201 0.257
p.Snook.ind 31.MP    0.814 0.186 0.238 0.478 0.739 0.861 0.948 0.994 0.997
p.Snook.ind 32.FB    0.065 0.171 0.000 0.000 0.001 0.008 0.038 0.384 0.764
p.Snook.ind 32.MBD   0.029 0.045 0.000 0.000 0.002 0.011 0.038 0.124 0.156
p.Snook.ind 32.MBZ   0.033 0.045 0.000 0.000 0.003 0.015 0.046 0.130 0.161
p.Snook.ind 32.MP    0.872 0.187 0.094 0.528 0.849 0.930 0.974 0.997 0.999
p.Snook.ind 44.FB    0.070 0.165 0.000 0.000 0.002 0.012 0.052 0.405 0.733
p.Snook.ind 44.MBD   0.034 0.046 0.000 0.000 0.003 0.014 0.046 0.135 0.163
p.Snook.ind 44.MBZ   0.090 0.100 0.000 0.000 0.011 0.050 0.146 0.300 0.346
p.Snook.ind 44.MP    0.806 0.200 0.055 0.427 0.740 0.854 0.944 0.993 0.997
p.Snook.ind 47.FB    0.052 0.139 0.000 0.000 0.002 0.009 0.038 0.214 0.566
p.Snook.ind 47.MBD   0.035 0.052 0.000 0.000 0.003 0.013 0.046 0.145 0.187
p.Snook.ind 47.MBZ   0.049 0.063 0.000 0.000 0.005 0.024 0.068 0.185 0.227
p.Snook.ind 47.MP    0.864 0.165 0.305 0.620 0.821 0.910 0.967 0.996 0.998
p.Snook.ind 49.FB    0.068 0.102 0.000 0.000 0.006 0.025 0.090 0.281 0.358
p.Snook.ind 49.MBD   0.065 0.078 0.000 0.001 0.008 0.034 0.096 0.229 0.279
p.Snook.ind 49.MBZ   0.576 0.196 0.087 0.216 0.464 0.579 0.700 0.908 0.953
p.Snook.ind 49.MP    0.290 0.195 0.003 0.011 0.143 0.279 0.399 0.635 0.773
p.Snook.ind 57.FB    0.059 0.092 0.000 0.000 0.005 0.022 0.072 0.241 0.319
p.Snook.ind 57.MBD   0.214 0.170 0.000 0.002 0.059 0.202 0.327 0.516 0.575
p.Snook.ind 57.MBZ   0.375 0.212 0.004 0.021 0.233 0.370 0.499 0.756 0.865
p.Snook.ind 57.MP    0.352 0.231 0.004 0.018 0.185 0.324 0.487 0.806 0.929
p.Snook.ind 58.FB    0.023 0.035 0.000 0.000 0.002 0.008 0.029 0.099 0.131
p.Snook.ind 58.MBD   0.040 0.057 0.000 0.000 0.003 0.016 0.055 0.161 0.202
p.Snook.ind 58.MBZ   0.870 0.109 0.606 0.671 0.811 0.895 0.956 0.994 0.997
p.Snook.ind 58.MP    0.067 0.080 0.000 0.001 0.012 0.039 0.095 0.224 0.266
p.Snook.ind 59.FB    0.113 0.167 0.000 0.000 0.006 0.040 0.149 0.479 0.616
p.Snook.ind 59.MBD   0.150 0.142 0.000 0.001 0.023 0.117 0.245 0.410 0.471
p.Snook.ind 59.MBZ   0.105 0.121 0.000 0.001 0.017 0.064 0.157 0.341 0.418
p.Snook.ind 59.MP    0.632 0.239 0.045 0.151 0.493 0.650 0.817 0.974 0.991
p.Snook.ind 60.FB    0.020 0.033 0.000 0.000 0.001 0.006 0.023 0.086 0.120
p.Snook.ind 60.MBD   0.037 0.057 0.000 0.000 0.002 0.013 0.047 0.164 0.202
p.Snook.ind 60.MBZ   0.891 0.098 0.642 0.704 0.841 0.916 0.967 0.995 0.998
p.Snook.ind 60.MP    0.052 0.063 0.000 0.001 0.008 0.031 0.075 0.177 0.219
p.Snook.ind 61.FB    0.118 0.148 0.000 0.000 0.009 0.054 0.181 0.415 0.501
p.Snook.ind 61.MBD   0.122 0.124 0.000 0.001 0.016 0.084 0.196 0.358 0.417
p.Snook.ind 61.MBZ   0.569 0.217 0.069 0.192 0.432 0.571 0.719 0.928 0.966
p.Snook.ind 61.MP    0.191 0.180 0.001 0.004 0.049 0.145 0.283 0.527 0.669
p.Snook.ind 62.FB    0.129 0.221 0.000 0.000 0.003 0.023 0.136 0.692 0.842
p.Snook.ind 62.MBD   0.036 0.051 0.000 0.000 0.004 0.015 0.047 0.150 0.185
p.Snook.ind 62.MBZ   0.084 0.096 0.000 0.001 0.011 0.047 0.127 0.285 0.337
p.Snook.ind 62.MP    0.750 0.243 0.043 0.144 0.659 0.820 0.931 0.992 0.996
p.Snook.ind 63.FB    0.362 0.356 0.000 0.000 0.013 0.246 0.708 0.956 0.982
p.Snook.ind 63.MBD   0.027 0.038 0.000 0.000 0.003 0.013 0.036 0.106 0.138
p.Snook.ind 63.MBZ   0.054 0.074 0.000 0.000 0.007 0.026 0.073 0.202 0.250
p.Snook.ind 63.MP    0.557 0.358 0.002 0.005 0.181 0.648 0.904 0.988 0.996
p.Snook.ind 71.FB    0.029 0.050 0.000 0.000 0.002 0.009 0.033 0.129 0.176
p.Snook.ind 71.MBD   0.023 0.033 0.000 0.000 0.002 0.010 0.030 0.089 0.116
p.Snook.ind 71.MBZ   0.802 0.176 0.365 0.481 0.714 0.844 0.936 0.992 0.997
p.Snook.ind 71.MP    0.146 0.166 0.000 0.001 0.022 0.091 0.215 0.456 0.560
p.Snook.ind 72.FB    0.214 0.284 0.000 0.000 0.006 0.061 0.346 0.853 0.932
p.Snook.ind 72.MBD   0.031 0.044 0.000 0.000 0.004 0.014 0.040 0.121 0.151
p.Snook.ind 72.MBZ   0.088 0.102 0.000 0.001 0.012 0.048 0.127 0.294 0.346
p.Snook.ind 72.MP    0.667 0.294 0.010 0.042 0.510 0.755 0.906 0.988 0.994
p.Snook.ind 73.FB    0.097 0.177 0.000 0.000 0.004 0.023 0.100 0.517 0.697
p.Snook.ind 73.MBD   0.058 0.073 0.000 0.000 0.005 0.026 0.090 0.208 0.255
p.Snook.ind 73.MBZ   0.072 0.083 0.000 0.001 0.010 0.041 0.108 0.241 0.292
p.Snook.ind 73.MP    0.772 0.206 0.122 0.356 0.684 0.817 0.923 0.991 0.996
p.Snook.ind 74.FB    0.114 0.135 0.000 0.001 0.010 0.058 0.182 0.390 0.449
p.Snook.ind 74.MBD   0.419 0.208 0.003 0.013 0.308 0.434 0.555 0.739 0.817
p.Snook.ind 74.MBZ   0.201 0.195 0.001 0.002 0.049 0.156 0.286 0.607 0.773
p.Snook.ind 74.MP    0.266 0.226 0.003 0.010 0.089 0.223 0.376 0.737 0.907
p.Snook.ind 75.FB    0.025 0.046 0.000 0.000 0.002 0.009 0.027 0.111 0.149
p.Snook.ind 75.MBD   0.839 0.146 0.520 0.617 0.776 0.869 0.941 0.988 0.995
p.Snook.ind 75.MBZ   0.077 0.107 0.000 0.000 0.008 0.038 0.108 0.266 0.323
p.Snook.ind 75.MP    0.059 0.082 0.000 0.001 0.010 0.034 0.083 0.186 0.233
p.Snook.ind 79.FB    0.119 0.152 0.000 0.001 0.009 0.052 0.181 0.418 0.509
p.Snook.ind 79.MBD   0.242 0.176 0.001 0.002 0.085 0.238 0.359 0.544 0.596
p.Snook.ind 79.MBZ   0.173 0.168 0.001 0.002 0.039 0.130 0.260 0.503 0.626
p.Snook.ind 79.MP    0.466 0.251 0.022 0.058 0.281 0.451 0.640 0.920 0.966
p.Snook.ind 80.FB    0.125 0.147 0.000 0.001 0.012 0.067 0.199 0.409 0.489
p.Snook.ind 80.MBD   0.463 0.215 0.003 0.018 0.350 0.481 0.596 0.814 0.877
p.Snook.ind 80.MBZ   0.166 0.186 0.001 0.002 0.032 0.109 0.230 0.557 0.744
p.Snook.ind 80.MP    0.246 0.220 0.002 0.007 0.077 0.196 0.348 0.728 0.876
p.Snook.ind 81.FB    0.044 0.073 0.000 0.000 0.002 0.014 0.051 0.195 0.257
p.Snook.ind 81.MBD   0.027 0.038 0.000 0.000 0.003 0.012 0.037 0.106 0.135
p.Snook.ind 81.MBZ   0.805 0.150 0.472 0.527 0.712 0.832 0.925 0.989 0.995
p.Snook.ind 81.MP    0.125 0.129 0.000 0.001 0.024 0.083 0.195 0.373 0.441
p.Snook.ind 83.FB    0.150 0.186 0.000 0.001 0.011 0.069 0.233 0.539 0.646
p.Snook.ind 83.MBD   0.179 0.157 0.000 0.001 0.034 0.153 0.284 0.459 0.523
p.Snook.ind 83.MBZ   0.151 0.159 0.000 0.002 0.028 0.104 0.224 0.472 0.584
p.Snook.ind 83.MP    0.520 0.265 0.017 0.052 0.326 0.523 0.720 0.953 0.984
p.Snook.ind 85.FB    0.056 0.082 0.000 0.000 0.005 0.023 0.077 0.219 0.284
p.Snook.ind 85.MBD   0.397 0.204 0.003 0.016 0.275 0.411 0.523 0.724 0.811
p.Snook.ind 85.MBZ   0.416 0.219 0.009 0.043 0.278 0.403 0.540 0.851 0.915
p.Snook.ind 85.MP    0.131 0.147 0.001 0.003 0.029 0.087 0.180 0.396 0.537
p.Snook.ind 86.FB    0.052 0.080 0.000 0.000 0.005 0.021 0.066 0.214 0.257
p.Snook.ind 86.MBD   0.683 0.180 0.208 0.380 0.594 0.694 0.804 0.951 0.981
p.Snook.ind 86.MBZ   0.085 0.102 0.000 0.001 0.014 0.052 0.122 0.268 0.336
p.Snook.ind 86.MP    0.179 0.163 0.002 0.004 0.052 0.144 0.263 0.458 0.569
p.Snook.ind 99.FB    0.056 0.144 0.000 0.000 0.002 0.009 0.038 0.246 0.605
p.Snook.ind 99.MBD   0.031 0.048 0.000 0.000 0.003 0.012 0.039 0.127 0.170
p.Snook.ind 99.MBZ   0.050 0.064 0.000 0.000 0.006 0.024 0.069 0.193 0.231
p.Snook.ind 99.MP    0.863 0.167 0.280 0.601 0.819 0.911 0.966 0.996 0.998
p.Snook.ind 100.FB   0.031 0.053 0.000 0.000 0.002 0.010 0.037 0.135 0.180
p.Snook.ind 100.MBD  0.033 0.046 0.000 0.000 0.003 0.014 0.045 0.130 0.168
p.Snook.ind 100.MBZ  0.882 0.098 0.654 0.694 0.824 0.906 0.960 0.993 0.997
p.Snook.ind 100.MP   0.054 0.065 0.000 0.001 0.009 0.030 0.075 0.184 0.237
p.Snook.ind 101.FB   0.070 0.136 0.000 0.000 0.003 0.017 0.066 0.321 0.518
p.Snook.ind 101.MBD  0.103 0.120 0.000 0.000 0.009 0.057 0.169 0.337 0.382
p.Snook.ind 101.MBZ  0.072 0.085 0.000 0.001 0.010 0.041 0.105 0.245 0.299
p.Snook.ind 101.MP   0.756 0.202 0.163 0.374 0.654 0.794 0.908 0.989 0.996
p.Snook.ind 105.FB   0.087 0.191 0.000 0.000 0.002 0.013 0.064 0.548 0.835
p.Snook.ind 105.MBD  0.030 0.044 0.000 0.000 0.002 0.011 0.041 0.124 0.156
p.Snook.ind 105.MBZ  0.040 0.054 0.000 0.000 0.004 0.018 0.057 0.152 0.196
p.Snook.ind 105.MP   0.842 0.203 0.077 0.362 0.806 0.908 0.966 0.996 0.998
p.Snook.ind 106.FB   0.030 0.097 0.000 0.000 0.001 0.006 0.022 0.104 0.174
p.Snook.ind 106.MBD  0.055 0.085 0.000 0.000 0.003 0.017 0.070 0.232 0.298
p.Snook.ind 106.MBZ  0.040 0.054 0.000 0.000 0.005 0.019 0.053 0.156 0.196
p.Snook.ind 106.MP   0.875 0.146 0.515 0.637 0.826 0.921 0.970 0.996 0.998
p.Snook.ind 107.FB   0.063 0.177 0.000 0.000 0.001 0.007 0.033 0.334 0.824
p.Snook.ind 107.MBD  0.023 0.035 0.000 0.000 0.002 0.009 0.030 0.099 0.129
p.Snook.ind 107.MBZ  0.034 0.046 0.000 0.000 0.003 0.015 0.047 0.133 0.166
p.Snook.ind 107.MP   0.879 0.188 0.067 0.587 0.864 0.936 0.977 0.997 0.999
p.Snook.ind 109.FB   0.056 0.085 0.000 0.000 0.005 0.021 0.070 0.226 0.292
p.Snook.ind 109.MBD  0.088 0.097 0.000 0.001 0.011 0.055 0.136 0.286 0.325
p.Snook.ind 109.MBZ  0.639 0.185 0.232 0.322 0.528 0.642 0.762 0.943 0.978
p.Snook.ind 109.MP   0.217 0.171 0.001 0.005 0.081 0.190 0.319 0.516 0.615
p.Snook.ind 110.FB   0.051 0.080 0.000 0.000 0.003 0.016 0.068 0.218 0.278
p.Snook.ind 110.MBD  0.036 0.049 0.000 0.000 0.004 0.016 0.050 0.137 0.178
p.Snook.ind 110.MBZ  0.808 0.138 0.495 0.562 0.721 0.827 0.918 0.987 0.994
p.Snook.ind 110.MP   0.105 0.107 0.000 0.001 0.020 0.073 0.157 0.319 0.375
p.Snook.ind 111.FB   0.077 0.126 0.000 0.000 0.005 0.025 0.093 0.338 0.457
p.Snook.ind 111.MBD  0.251 0.190 0.000 0.001 0.069 0.249 0.387 0.569 0.635
p.Snook.ind 111.MBZ  0.082 0.102 0.000 0.001 0.012 0.047 0.117 0.279 0.336
p.Snook.ind 111.MP   0.590 0.241 0.047 0.163 0.430 0.588 0.772 0.972 0.989
p.Tarpon.ind 22.FB   0.216 0.239 0.000 0.001 0.033 0.123 0.318 0.754 0.883
p.Tarpon.ind 22.MBD  0.112 0.124 0.000 0.000 0.007 0.060 0.193 0.356 0.409
p.Tarpon.ind 22.MBZ  0.047 0.072 0.000 0.000 0.003 0.016 0.061 0.188 0.249
p.Tarpon.ind 22.MP   0.626 0.279 0.011 0.041 0.459 0.676 0.852 0.984 0.995
p.Tarpon.ind 29.FB   0.421 0.288 0.002 0.008 0.175 0.405 0.647 0.926 0.972
p.Tarpon.ind 29.MBD  0.054 0.070 0.000 0.000 0.004 0.023 0.078 0.203 0.249
p.Tarpon.ind 29.MBZ  0.071 0.095 0.000 0.000 0.005 0.027 0.104 0.279 0.333
p.Tarpon.ind 29.MP   0.455 0.296 0.002 0.008 0.198 0.459 0.689 0.950 0.981
p.Tarpon.ind 30.FB   0.391 0.333 0.001 0.003 0.072 0.316 0.688 0.972 0.988
p.Tarpon.ind 30.MBD  0.029 0.042 0.000 0.000 0.002 0.012 0.038 0.117 0.154
p.Tarpon.ind 30.MBZ  0.040 0.063 0.000 0.000 0.002 0.012 0.050 0.176 0.231
p.Tarpon.ind 30.MP   0.540 0.337 0.001 0.005 0.221 0.604 0.842 0.984 0.993
p.Tarpon.ind 45.FB   0.309 0.251 0.001 0.004 0.094 0.264 0.471 0.806 0.922
p.Tarpon.ind 45.MBD  0.116 0.121 0.000 0.000 0.012 0.072 0.195 0.357 0.407
p.Tarpon.ind 45.MBZ  0.088 0.118 0.000 0.000 0.006 0.036 0.128 0.327 0.414
p.Tarpon.ind 45.MP   0.487 0.286 0.004 0.017 0.262 0.491 0.710 0.953 0.984
p.Tarpon.ind 64.FB   0.757 0.194 0.245 0.420 0.652 0.788 0.907 0.990 0.996
p.Tarpon.ind 64.MBD  0.058 0.077 0.000 0.000 0.004 0.023 0.085 0.228 0.279
p.Tarpon.ind 64.MBZ  0.053 0.081 0.000 0.000 0.003 0.017 0.067 0.225 0.288
p.Tarpon.ind 64.MP   0.132 0.175 0.000 0.001 0.016 0.069 0.178 0.467 0.678
p.Tarpon.ind 65.FB   0.744 0.234 0.022 0.190 0.639 0.805 0.924 0.990 0.996
p.Tarpon.ind 65.MBD  0.033 0.048 0.000 0.000 0.002 0.012 0.043 0.131 0.171
p.Tarpon.ind 65.MBZ  0.038 0.061 0.000 0.000 0.002 0.012 0.048 0.160 0.222
p.Tarpon.ind 65.MP   0.186 0.230 0.000 0.001 0.021 0.098 0.266 0.761 0.927
p.Tarpon.ind 66.FB   0.607 0.357 0.001 0.005 0.272 0.741 0.925 0.993 0.997
p.Tarpon.ind 66.MBD  0.019 0.029 0.000 0.000 0.001 0.007 0.024 0.079 0.104
p.Tarpon.ind 66.MBZ  0.034 0.061 0.000 0.000 0.001 0.009 0.038 0.152 0.214
p.Tarpon.ind 66.MP   0.340 0.354 0.000 0.001 0.027 0.175 0.655 0.976 0.990
p.Tarpon.ind 67.FB   0.478 0.358 0.001 0.003 0.103 0.474 0.835 0.983 0.994
p.Tarpon.ind 67.MBD  0.023 0.034 0.000 0.000 0.002 0.009 0.029 0.091 0.126
p.Tarpon.ind 67.MBZ  0.036 0.058 0.000 0.000 0.002 0.011 0.045 0.158 0.215
p.Tarpon.ind 67.MP   0.463 0.357 0.001 0.002 0.087 0.463 0.811 0.985 0.994
p.Tarpon.ind 68.FB   0.631 0.259 0.005 0.045 0.487 0.664 0.835 0.979 0.994
p.Tarpon.ind 68.MBD  0.047 0.064 0.000 0.000 0.004 0.020 0.065 0.185 0.228
p.Tarpon.ind 68.MBZ  0.088 0.122 0.000 0.000 0.005 0.033 0.135 0.335 0.412
p.Tarpon.ind 68.MP   0.234 0.249 0.001 0.002 0.038 0.147 0.349 0.810 0.948
p.Tarpon.ind 69.FB   0.654 0.239 0.021 0.124 0.528 0.679 0.837 0.978 0.992
p.Tarpon.ind 69.MBD  0.080 0.095 0.000 0.000 0.006 0.039 0.128 0.277 0.324
p.Tarpon.ind 69.MBZ  0.064 0.099 0.000 0.000 0.003 0.021 0.081 0.277 0.344
p.Tarpon.ind 69.MP   0.202 0.231 0.000 0.002 0.032 0.122 0.279 0.751 0.924
p.Tarpon.ind 70.FB   0.700 0.311 0.003 0.015 0.546 0.828 0.942 0.994 0.998
p.Tarpon.ind 70.MBD  0.020 0.031 0.000 0.000 0.001 0.008 0.024 0.084 0.113
p.Tarpon.ind 70.MBZ  0.026 0.046 0.000 0.000 0.001 0.008 0.031 0.115 0.159
p.Tarpon.ind 70.MP   0.254 0.308 0.000 0.001 0.020 0.108 0.397 0.948 0.985
p.Tarpon.ind 76.FB   0.501 0.285 0.004 0.014 0.281 0.513 0.724 0.953 0.985
p.Tarpon.ind 76.MBD  0.053 0.070 0.000 0.000 0.004 0.023 0.075 0.202 0.253
p.Tarpon.ind 76.MBZ  0.110 0.136 0.000 0.000 0.007 0.050 0.175 0.392 0.460
p.Tarpon.ind 76.MP   0.336 0.283 0.001 0.004 0.080 0.278 0.529 0.903 0.967
p.Tarpon.ind 77.FB   0.459 0.264 0.002 0.012 0.277 0.467 0.638 0.921 0.963
p.Tarpon.ind 77.MBD  0.179 0.160 0.000 0.001 0.024 0.155 0.295 0.454 0.512
p.Tarpon.ind 77.MBZ  0.090 0.141 0.000 0.000 0.006 0.030 0.113 0.377 0.524
p.Tarpon.ind 77.MP   0.273 0.275 0.001 0.004 0.052 0.176 0.402 0.898 0.967
p.Tarpon.ind 78.FB   0.439 0.269 0.002 0.010 0.237 0.431 0.629 0.914 0.967
p.Tarpon.ind 78.MBD  0.082 0.093 0.000 0.000 0.008 0.045 0.129 0.270 0.317
p.Tarpon.ind 78.MBZ  0.135 0.161 0.000 0.000 0.010 0.070 0.213 0.443 0.529
p.Tarpon.ind 78.MP   0.345 0.279 0.002 0.006 0.105 0.296 0.516 0.919 0.974
p.Tarpon.ind 82.FB   0.520 0.295 0.002 0.011 0.302 0.539 0.759 0.971 0.988
p.Tarpon.ind 82.MBD  0.053 0.070 0.000 0.000 0.005 0.023 0.076 0.206 0.246
p.Tarpon.ind 82.MBZ  0.051 0.076 0.000 0.000 0.003 0.018 0.066 0.210 0.277
p.Tarpon.ind 82.MP   0.376 0.299 0.001 0.003 0.101 0.332 0.594 0.943 0.976
p.Tarpon.ind 84.FB   0.358 0.256 0.002 0.007 0.144 0.332 0.528 0.853 0.944
p.Tarpon.ind 84.MBD  0.174 0.154 0.000 0.001 0.024 0.157 0.284 0.448 0.503
p.Tarpon.ind 84.MBZ  0.117 0.155 0.000 0.000 0.008 0.053 0.172 0.446 0.567
p.Tarpon.ind 84.MP   0.351 0.282 0.002 0.007 0.103 0.300 0.545 0.916 0.976
p.Tarpon.ind 87.FB   0.119 0.261 0.000 0.000 0.005 0.023 0.071 0.952 0.979
p.Tarpon.ind 87.MBD  0.830 0.283 0.001 0.004 0.860 0.933 0.972 0.995 0.998
p.Tarpon.ind 87.MBZ  0.023 0.101 0.000 0.000 0.001 0.004 0.015 0.060 0.096
p.Tarpon.ind 87.MP   0.027 0.043 0.000 0.000 0.004 0.014 0.037 0.093 0.118
p.Tarpon.ind 91.FB   0.294 0.240 0.001 0.005 0.085 0.254 0.441 0.761 0.895
p.Tarpon.ind 91.MBD  0.206 0.168 0.000 0.001 0.040 0.200 0.329 0.487 0.554
p.Tarpon.ind 91.MBZ  0.084 0.124 0.000 0.000 0.006 0.033 0.114 0.327 0.437
p.Tarpon.ind 91.MP   0.416 0.289 0.003 0.011 0.170 0.390 0.629 0.947 0.983
p.Tarpon.ind 102.FB  0.199 0.221 0.000 0.001 0.031 0.121 0.286 0.666 0.819
p.Tarpon.ind 102.MBD 0.123 0.135 0.000 0.000 0.009 0.073 0.207 0.382 0.444
p.Tarpon.ind 102.MBZ 0.068 0.096 0.000 0.000 0.004 0.026 0.093 0.269 0.322
p.Tarpon.ind 102.MP  0.610 0.270 0.014 0.053 0.445 0.652 0.823 0.978 0.993
p.Tarpon.ind 108.FB  0.349 0.325 0.000 0.002 0.052 0.242 0.626 0.945 0.981
p.Tarpon.ind 108.MBD 0.034 0.054 0.000 0.000 0.003 0.012 0.043 0.142 0.186
p.Tarpon.ind 108.MBZ 0.029 0.047 0.000 0.000 0.002 0.010 0.035 0.125 0.166
p.Tarpon.ind 108.MP  0.588 0.332 0.003 0.011 0.299 0.680 0.884 0.988 0.995
