
#################################################################
# Summary Statistics
#################################################################

DIC = 458.8076

                      Mean    SD  2.5%    5%   25%   50%   75%   95% 97.5%
Epsilon.1            3.873 1.406 1.728 2.002 2.880 3.689 4.653 6.487 7.350
Epsilon.2            0.877 0.442 0.269 0.344 0.573 0.795 1.073 1.703 1.994
Epsilon.3            1.123 0.498 0.459 0.521 0.766 1.024 1.360 2.069 2.378
ind.SD               1.063 0.390 0.320 0.478 0.825 1.037 1.276 1.728 1.884
p.Snook.FB           0.114 0.071 0.014 0.022 0.060 0.104 0.155 0.245 0.279
p.Tarpon.FB          0.212 0.126 0.011 0.025 0.115 0.201 0.302 0.431 0.479
p.Snook.MBD          0.110 0.082 0.004 0.009 0.048 0.095 0.153 0.266 0.313
p.Tarpon.MBD         0.055 0.054 0.002 0.004 0.017 0.038 0.073 0.163 0.204
p.Snook.MBZ          0.348 0.129 0.114 0.146 0.256 0.342 0.433 0.573 0.613
p.Tarpon.MBZ         0.156 0.108 0.019 0.029 0.072 0.130 0.215 0.374 0.429
p.Snook.MP           0.427 0.117 0.198 0.237 0.347 0.426 0.508 0.618 0.650
p.Tarpon.MP          0.577 0.133 0.322 0.360 0.485 0.576 0.672 0.795 0.828
p.Snook.ind 1.FB     0.350 0.326 0.002 0.005 0.032 0.245 0.660 0.875 0.921
p.Snook.ind 1.MBD    0.050 0.068 0.001 0.001 0.011 0.030 0.066 0.156 0.195
p.Snook.ind 1.MBZ    0.118 0.137 0.005 0.009 0.038 0.079 0.148 0.347 0.537
p.Snook.ind 1.MP     0.481 0.324 0.015 0.030 0.159 0.456 0.803 0.941 0.961
p.Snook.ind 2.FB     0.116 0.117 0.002 0.006 0.031 0.078 0.161 0.354 0.436
p.Snook.ind 2.MBD    0.113 0.131 0.001 0.003 0.023 0.066 0.154 0.382 0.484
p.Snook.ind 2.MBZ    0.375 0.221 0.023 0.049 0.204 0.355 0.523 0.779 0.848
p.Snook.ind 2.MP     0.397 0.207 0.038 0.066 0.249 0.392 0.533 0.761 0.838
p.Snook.ind 3.FB     0.111 0.116 0.003 0.005 0.028 0.076 0.151 0.337 0.425
p.Snook.ind 3.MBD    0.134 0.155 0.001 0.003 0.024 0.076 0.185 0.462 0.566
p.Snook.ind 3.MBZ    0.439 0.237 0.045 0.071 0.254 0.431 0.600 0.864 0.920
p.Snook.ind 3.MP     0.317 0.193 0.018 0.038 0.170 0.303 0.439 0.663 0.744
p.Snook.ind 4.FB     0.121 0.122 0.003 0.005 0.031 0.082 0.171 0.376 0.462
p.Snook.ind 4.MBD    0.119 0.136 0.001 0.002 0.023 0.072 0.166 0.409 0.493
p.Snook.ind 4.MBZ    0.390 0.222 0.028 0.054 0.225 0.372 0.531 0.800 0.874
p.Snook.ind 4.MP     0.370 0.203 0.033 0.060 0.222 0.358 0.500 0.731 0.824
p.Snook.ind 10.FB    0.138 0.142 0.003 0.005 0.034 0.091 0.194 0.425 0.523
p.Snook.ind 10.MBD   0.120 0.134 0.001 0.002 0.026 0.074 0.168 0.376 0.491
p.Snook.ind 10.MBZ   0.492 0.226 0.049 0.098 0.336 0.498 0.655 0.861 0.911
p.Snook.ind 10.MP    0.249 0.164 0.016 0.031 0.125 0.222 0.349 0.551 0.622
p.Snook.ind 11.FB    0.156 0.150 0.004 0.008 0.043 0.107 0.230 0.468 0.554
p.Snook.ind 11.MBD   0.116 0.127 0.001 0.002 0.026 0.073 0.166 0.371 0.467
p.Snook.ind 11.MBZ   0.474 0.223 0.053 0.090 0.315 0.481 0.637 0.836 0.896
p.Snook.ind 11.MP    0.253 0.161 0.019 0.037 0.130 0.232 0.350 0.548 0.638
p.Snook.ind 12.FB    0.160 0.233 0.001 0.003 0.019 0.058 0.164 0.744 0.835
p.Snook.ind 12.MBD   0.080 0.101 0.001 0.001 0.014 0.045 0.106 0.273 0.347
p.Snook.ind 12.MBZ   0.642 0.270 0.039 0.072 0.507 0.723 0.849 0.954 0.972
p.Snook.ind 12.MP    0.119 0.106 0.005 0.010 0.044 0.090 0.161 0.333 0.422
p.Snook.ind 13.FB    0.194 0.205 0.002 0.004 0.034 0.111 0.307 0.612 0.710
p.Snook.ind 13.MBD   0.080 0.095 0.001 0.002 0.016 0.047 0.107 0.260 0.351
p.Snook.ind 13.MBZ   0.441 0.261 0.029 0.051 0.219 0.434 0.642 0.886 0.931
p.Snook.ind 13.MP    0.286 0.206 0.013 0.027 0.120 0.249 0.409 0.693 0.792
p.Snook.ind 24.FB    0.109 0.108 0.002 0.005 0.031 0.076 0.156 0.320 0.377
p.Snook.ind 24.MBD   0.103 0.112 0.001 0.002 0.023 0.067 0.142 0.333 0.417
p.Snook.ind 24.MBZ   0.216 0.159 0.011 0.020 0.093 0.185 0.298 0.531 0.591
p.Snook.ind 24.MP    0.572 0.194 0.159 0.241 0.436 0.581 0.714 0.881 0.923
p.Snook.ind 28.FB    0.098 0.102 0.002 0.004 0.025 0.065 0.137 0.297 0.372
p.Snook.ind 28.MBD   0.105 0.122 0.001 0.003 0.022 0.061 0.149 0.354 0.452
p.Snook.ind 28.MBZ   0.351 0.228 0.021 0.038 0.165 0.318 0.502 0.792 0.853
p.Snook.ind 28.MP    0.446 0.222 0.041 0.081 0.280 0.449 0.606 0.818 0.873
p.Snook.ind 33.FB    0.065 0.081 0.002 0.003 0.016 0.040 0.083 0.204 0.274
p.Snook.ind 33.MBD   0.101 0.143 0.001 0.002 0.015 0.049 0.127 0.387 0.556
p.Snook.ind 33.MBZ   0.373 0.288 0.011 0.021 0.119 0.302 0.610 0.898 0.941
p.Snook.ind 33.MP    0.461 0.281 0.018 0.034 0.205 0.471 0.704 0.901 0.937
p.Snook.ind 34.FB    0.356 0.292 0.003 0.005 0.054 0.349 0.606 0.837 0.889
p.Snook.ind 34.MBD   0.062 0.076 0.001 0.002 0.013 0.038 0.084 0.199 0.254
p.Snook.ind 34.MBZ   0.163 0.163 0.007 0.013 0.057 0.115 0.207 0.497 0.659
p.Snook.ind 34.MP    0.418 0.284 0.020 0.038 0.169 0.373 0.667 0.906 0.942
p.Snook.ind 36.FB    0.079 0.084 0.002 0.004 0.021 0.052 0.112 0.237 0.300
p.Snook.ind 36.MBD   0.088 0.106 0.001 0.002 0.017 0.050 0.118 0.295 0.376
p.Snook.ind 36.MBZ   0.247 0.198 0.009 0.018 0.095 0.201 0.347 0.661 0.780
p.Snook.ind 36.MP    0.586 0.220 0.095 0.157 0.449 0.605 0.750 0.911 0.946
p.Snook.ind 37.FB    0.106 0.103 0.003 0.005 0.031 0.076 0.150 0.302 0.385
p.Snook.ind 37.MBD   0.192 0.185 0.001 0.004 0.040 0.133 0.297 0.569 0.658
p.Snook.ind 37.MBZ   0.352 0.216 0.027 0.050 0.178 0.323 0.499 0.761 0.845
p.Snook.ind 37.MP    0.350 0.188 0.032 0.060 0.214 0.338 0.462 0.701 0.763
p.Snook.ind 38.FB    0.108 0.109 0.002 0.005 0.030 0.073 0.153 0.331 0.396
p.Snook.ind 38.MBD   0.114 0.127 0.001 0.003 0.025 0.071 0.158 0.369 0.460
p.Snook.ind 38.MBZ   0.234 0.168 0.014 0.027 0.103 0.200 0.327 0.566 0.660
p.Snook.ind 38.MP    0.544 0.196 0.135 0.193 0.418 0.554 0.685 0.860 0.899
p.Snook.ind 39.FB    0.060 0.073 0.001 0.003 0.016 0.039 0.078 0.183 0.243
p.Snook.ind 39.MBD   0.107 0.132 0.001 0.002 0.018 0.057 0.149 0.381 0.480
p.Snook.ind 39.MBZ   0.296 0.251 0.009 0.016 0.090 0.215 0.456 0.820 0.893
p.Snook.ind 39.MP    0.538 0.261 0.030 0.070 0.333 0.569 0.754 0.920 0.947
p.Snook.ind 40.FB    0.134 0.126 0.003 0.006 0.040 0.098 0.194 0.371 0.468
p.Snook.ind 40.MBD   0.146 0.150 0.001 0.003 0.032 0.097 0.209 0.462 0.547
p.Snook.ind 40.MBZ   0.318 0.193 0.029 0.046 0.170 0.299 0.436 0.688 0.756
p.Snook.ind 40.MP    0.402 0.189 0.055 0.096 0.267 0.399 0.524 0.732 0.790
p.Snook.ind 41.FB    0.118 0.110 0.003 0.007 0.035 0.086 0.170 0.326 0.395
p.Snook.ind 41.MBD   0.140 0.150 0.001 0.004 0.028 0.087 0.205 0.445 0.540
p.Snook.ind 41.MBZ   0.314 0.191 0.023 0.041 0.168 0.293 0.431 0.671 0.753
p.Snook.ind 41.MP    0.429 0.194 0.059 0.107 0.293 0.424 0.562 0.758 0.809
p.Snook.ind 42.FB    0.081 0.088 0.002 0.004 0.020 0.051 0.113 0.252 0.321
p.Snook.ind 42.MBD   0.090 0.105 0.001 0.002 0.018 0.054 0.120 0.297 0.380
p.Snook.ind 42.MBZ   0.268 0.212 0.010 0.020 0.102 0.219 0.387 0.707 0.795
p.Snook.ind 42.MP    0.561 0.229 0.069 0.135 0.406 0.583 0.743 0.899 0.934
p.Snook.ind 43.FB    0.099 0.121 0.002 0.004 0.022 0.058 0.130 0.335 0.447
p.Snook.ind 43.MBD   0.138 0.168 0.001 0.003 0.021 0.073 0.187 0.508 0.630
p.Snook.ind 43.MBZ   0.540 0.249 0.045 0.089 0.355 0.570 0.735 0.913 0.947
p.Snook.ind 43.MP    0.223 0.167 0.011 0.022 0.094 0.187 0.311 0.544 0.643
p.Snook.ind 46.FB    0.092 0.092 0.003 0.005 0.026 0.064 0.130 0.269 0.343
p.Snook.ind 46.MBD   0.161 0.167 0.001 0.004 0.033 0.103 0.236 0.505 0.607
p.Snook.ind 46.MBZ   0.352 0.220 0.023 0.043 0.178 0.328 0.497 0.760 0.837
p.Snook.ind 46.MP    0.394 0.199 0.039 0.069 0.250 0.386 0.527 0.739 0.816
p.Snook.ind 48.FB    0.072 0.078 0.002 0.004 0.020 0.048 0.097 0.220 0.274
p.Snook.ind 48.MBD   0.125 0.144 0.001 0.003 0.022 0.072 0.175 0.421 0.531
p.Snook.ind 48.MBZ   0.309 0.233 0.014 0.025 0.118 0.256 0.458 0.777 0.856
p.Snook.ind 48.MP    0.494 0.237 0.048 0.087 0.318 0.500 0.673 0.872 0.921
p.Snook.ind 50.FB    0.105 0.102 0.003 0.005 0.030 0.074 0.150 0.308 0.364
p.Snook.ind 50.MBD   0.122 0.132 0.001 0.003 0.026 0.078 0.173 0.389 0.468
p.Snook.ind 50.MBZ   0.266 0.184 0.015 0.030 0.123 0.232 0.374 0.619 0.718
p.Snook.ind 50.MP    0.507 0.199 0.097 0.163 0.373 0.507 0.645 0.834 0.889
p.Snook.ind 51.FB    0.104 0.110 0.002 0.005 0.028 0.069 0.142 0.318 0.414
p.Snook.ind 51.MBD   0.209 0.211 0.001 0.003 0.037 0.131 0.333 0.641 0.730
p.Snook.ind 51.MBZ   0.298 0.209 0.016 0.031 0.127 0.260 0.426 0.707 0.787
p.Snook.ind 51.MP    0.389 0.210 0.036 0.071 0.232 0.376 0.525 0.773 0.859
p.Snook.ind 52.FB    0.124 0.118 0.003 0.007 0.037 0.089 0.177 0.349 0.420
p.Snook.ind 52.MBD   0.138 0.146 0.001 0.003 0.030 0.088 0.201 0.436 0.517
p.Snook.ind 52.MBZ   0.393 0.215 0.034 0.067 0.228 0.380 0.534 0.781 0.860
p.Snook.ind 52.MP    0.344 0.185 0.035 0.062 0.205 0.334 0.465 0.666 0.749
p.Snook.ind 54.FB    0.129 0.121 0.004 0.007 0.037 0.092 0.188 0.369 0.434
p.Snook.ind 54.MBD   0.155 0.159 0.002 0.003 0.032 0.101 0.229 0.483 0.584
p.Snook.ind 54.MBZ   0.292 0.190 0.017 0.034 0.148 0.264 0.408 0.648 0.741
p.Snook.ind 54.MP    0.424 0.197 0.063 0.097 0.286 0.417 0.557 0.764 0.821
p.Snook.ind 88.FB    0.124 0.167 0.002 0.004 0.022 0.059 0.147 0.535 0.654
p.Snook.ind 88.MBD   0.273 0.272 0.001 0.002 0.034 0.160 0.497 0.797 0.862
p.Snook.ind 88.MBZ   0.436 0.289 0.020 0.036 0.171 0.402 0.702 0.904 0.941
p.Snook.ind 88.MP    0.166 0.145 0.010 0.016 0.060 0.127 0.226 0.452 0.535
p.Snook.ind 97.FB    0.125 0.123 0.003 0.006 0.033 0.086 0.178 0.375 0.445
p.Snook.ind 97.MBD   0.120 0.135 0.001 0.003 0.024 0.072 0.167 0.392 0.500
p.Snook.ind 97.MBZ   0.414 0.218 0.038 0.065 0.250 0.402 0.568 0.802 0.848
p.Snook.ind 97.MP    0.342 0.188 0.031 0.057 0.202 0.328 0.465 0.681 0.748
p.Snook.ind 98.FB    0.104 0.103 0.003 0.006 0.029 0.074 0.149 0.306 0.364
p.Snook.ind 98.MBD   0.148 0.155 0.001 0.003 0.031 0.092 0.218 0.469 0.561
p.Snook.ind 98.MBZ   0.278 0.192 0.017 0.030 0.132 0.245 0.387 0.659 0.756
p.Snook.ind 98.MP    0.470 0.208 0.073 0.126 0.327 0.468 0.615 0.820 0.880
p.Snook.ind 103.FB   0.120 0.121 0.003 0.006 0.033 0.080 0.166 0.367 0.447
p.Snook.ind 103.MBD  0.162 0.168 0.001 0.003 0.031 0.106 0.241 0.515 0.616
p.Snook.ind 103.MBZ  0.453 0.220 0.054 0.097 0.292 0.446 0.613 0.831 0.887
p.Snook.ind 103.MP   0.265 0.163 0.021 0.038 0.139 0.244 0.370 0.555 0.631
p.Snook.ind 104.FB   0.116 0.115 0.003 0.005 0.031 0.082 0.165 0.337 0.410
p.Snook.ind 104.MBD  0.112 0.124 0.001 0.003 0.025 0.072 0.158 0.361 0.447
p.Snook.ind 104.MBZ  0.268 0.180 0.018 0.030 0.126 0.237 0.374 0.609 0.703
p.Snook.ind 104.MP   0.504 0.199 0.092 0.155 0.370 0.512 0.644 0.829 0.878
p.Tarpon.ind 35.FB   0.140 0.129 0.002 0.006 0.041 0.106 0.204 0.381 0.463
p.Tarpon.ind 35.MBD  0.060 0.084 0.000 0.001 0.008 0.028 0.077 0.229 0.305
p.Tarpon.ind 35.MBZ  0.128 0.126 0.003 0.006 0.035 0.088 0.182 0.382 0.473
p.Tarpon.ind 35.MP   0.671 0.182 0.276 0.346 0.554 0.690 0.810 0.937 0.962
p.Tarpon.ind 53.FB   0.133 0.132 0.002 0.004 0.034 0.097 0.189 0.393 0.494
p.Tarpon.ind 53.MBD  0.042 0.057 0.000 0.001 0.006 0.019 0.054 0.157 0.202
p.Tarpon.ind 53.MBZ  0.090 0.095 0.002 0.003 0.022 0.058 0.126 0.276 0.337
p.Tarpon.ind 53.MP   0.736 0.175 0.316 0.407 0.641 0.764 0.866 0.966 0.981
p.Tarpon.ind 55.FB   0.201 0.166 0.002 0.007 0.067 0.168 0.299 0.516 0.610
p.Tarpon.ind 55.MBD  0.058 0.083 0.000 0.001 0.008 0.028 0.072 0.215 0.278
p.Tarpon.ind 55.MBZ  0.130 0.127 0.003 0.006 0.035 0.089 0.187 0.383 0.455
p.Tarpon.ind 55.MP   0.611 0.200 0.180 0.254 0.481 0.619 0.759 0.922 0.951
p.Tarpon.ind 56.FB   0.232 0.181 0.004 0.008 0.085 0.199 0.339 0.583 0.658
p.Tarpon.ind 56.MBD  0.064 0.094 0.000 0.001 0.009 0.028 0.082 0.237 0.320
p.Tarpon.ind 56.MBZ  0.142 0.140 0.003 0.007 0.038 0.096 0.206 0.417 0.520
p.Tarpon.ind 56.MP   0.561 0.206 0.136 0.207 0.425 0.566 0.709 0.898 0.937
p.Tarpon.ind 89.FB   0.283 0.199 0.006 0.013 0.122 0.262 0.411 0.659 0.727
p.Tarpon.ind 89.MBD  0.079 0.099 0.001 0.002 0.012 0.041 0.108 0.292 0.357
p.Tarpon.ind 89.MBZ  0.248 0.202 0.006 0.012 0.079 0.202 0.383 0.630 0.728
p.Tarpon.ind 89.MP   0.390 0.192 0.055 0.093 0.250 0.378 0.510 0.742 0.820
p.Tarpon.ind 90.FB   0.177 0.143 0.004 0.008 0.062 0.148 0.259 0.447 0.525
p.Tarpon.ind 90.MBD  0.081 0.109 0.001 0.001 0.011 0.039 0.108 0.299 0.392
p.Tarpon.ind 90.MBZ  0.169 0.155 0.004 0.009 0.049 0.125 0.248 0.478 0.568
p.Tarpon.ind 90.MP   0.573 0.196 0.167 0.238 0.441 0.576 0.714 0.889 0.926
p.Tarpon.ind 92.FB   0.284 0.205 0.005 0.013 0.111 0.259 0.420 0.662 0.737
p.Tarpon.ind 92.MBD  0.070 0.095 0.001 0.001 0.011 0.034 0.093 0.258 0.343
p.Tarpon.ind 92.MBZ  0.266 0.219 0.006 0.011 0.077 0.217 0.405 0.689 0.774
p.Tarpon.ind 92.MP   0.380 0.197 0.046 0.080 0.236 0.361 0.500 0.740 0.825
p.Tarpon.ind 93.FB   0.160 0.142 0.002 0.005 0.049 0.126 0.235 0.424 0.493
p.Tarpon.ind 93.MBD  0.061 0.082 0.001 0.001 0.008 0.028 0.081 0.236 0.303
p.Tarpon.ind 93.MBZ  0.128 0.127 0.003 0.006 0.034 0.087 0.188 0.372 0.463
p.Tarpon.ind 93.MP   0.651 0.187 0.246 0.323 0.526 0.663 0.789 0.936 0.958
p.Tarpon.ind 94.FB   0.340 0.218 0.005 0.014 0.162 0.336 0.493 0.728 0.786
p.Tarpon.ind 94.MBD  0.059 0.078 0.001 0.001 0.010 0.031 0.078 0.208 0.287
p.Tarpon.ind 94.MBZ  0.185 0.173 0.004 0.008 0.050 0.131 0.266 0.537 0.629
p.Tarpon.ind 94.MP   0.415 0.212 0.049 0.091 0.263 0.394 0.549 0.817 0.884
p.Tarpon.ind 95.FB   0.236 0.183 0.004 0.009 0.087 0.203 0.343 0.592 0.673
p.Tarpon.ind 95.MBD  0.071 0.100 0.000 0.001 0.010 0.033 0.091 0.271 0.359
p.Tarpon.ind 95.MBZ  0.150 0.147 0.004 0.007 0.042 0.102 0.210 0.440 0.540
p.Tarpon.ind 95.MP   0.544 0.209 0.114 0.184 0.406 0.545 0.691 0.885 0.935
p.Tarpon.ind 96.FB   0.165 0.143 0.003 0.006 0.049 0.133 0.240 0.444 0.523
p.Tarpon.ind 96.MBD  0.063 0.086 0.000 0.001 0.008 0.027 0.084 0.231 0.308
p.Tarpon.ind 96.MBZ  0.129 0.127 0.003 0.006 0.035 0.090 0.186 0.373 0.462
p.Tarpon.ind 96.MP   0.644 0.187 0.218 0.309 0.527 0.654 0.782 0.934 0.960
p.Tarpon.ind 112.FB  0.225 0.173 0.004 0.009 0.078 0.204 0.330 0.548 0.628
p.Tarpon.ind 112.MBD 0.066 0.091 0.000 0.001 0.009 0.031 0.084 0.240 0.323
p.Tarpon.ind 112.MBZ 0.139 0.133 0.003 0.006 0.038 0.100 0.202 0.407 0.473
p.Tarpon.ind 112.MP  0.571 0.201 0.159 0.222 0.438 0.573 0.716 0.905 0.945
p.Tarpon.ind 113.FB  0.547 0.355 0.002 0.005 0.103 0.697 0.848 0.954 0.969
p.Tarpon.ind 113.MBD 0.043 0.079 0.000 0.001 0.005 0.019 0.049 0.151 0.216
p.Tarpon.ind 113.MBZ 0.281 0.342 0.002 0.004 0.026 0.084 0.643 0.919 0.949
p.Tarpon.ind 113.MP  0.130 0.130 0.007 0.012 0.046 0.094 0.168 0.359 0.516
p.Tarpon.ind 114.FB  0.209 0.169 0.003 0.008 0.069 0.178 0.311 0.533 0.627
p.Tarpon.ind 114.MBD 0.056 0.082 0.000 0.001 0.009 0.027 0.072 0.202 0.261
p.Tarpon.ind 114.MBZ 0.121 0.118 0.003 0.006 0.034 0.084 0.172 0.352 0.437
p.Tarpon.ind 114.MP  0.614 0.196 0.189 0.260 0.489 0.625 0.756 0.919 0.950
