
#################################################################
# Summary Statistics
#################################################################

DIC = 61.87612

                                       Mean    SD  2.5%    5%   25%   50%   75%   95% 97.5%
p.Balanus_spp.Gracilaria              0.888 0.089 0.709 0.757 0.859 0.906 0.941 0.973 0.981
p.Costoanachis_semiplicata.Gracilaria 0.940 0.095 0.799 0.847 0.929 0.961 0.981 0.994 0.996
p.Crassostrea_virginica.Gracilaria    0.734 0.204 0.226 0.319 0.620 0.780 0.894 0.978 0.988
p.Menippe_adina.Gracilaria            0.917 0.104 0.692 0.771 0.897 0.946 0.974 0.992 0.996
p.Opsanus_beta.Gracilaria             0.945 0.083 0.817 0.857 0.933 0.964 0.981 0.994 0.996
p.Panopeus_herbstii.Gracilaria        0.753 0.196 0.254 0.350 0.646 0.802 0.905 0.979 0.989
p.Balanus_spp.SPOM                    0.068 0.083 0.002 0.004 0.019 0.046 0.090 0.193 0.249
p.Costoanachis_semiplicata.SPOM       0.039 0.090 0.000 0.001 0.006 0.017 0.039 0.117 0.167
p.Crassostrea_virginica.SPOM          0.156 0.182 0.001 0.003 0.022 0.084 0.225 0.551 0.662
p.Menippe_adina.SPOM                  0.053 0.095 0.001 0.001 0.008 0.024 0.058 0.182 0.268
p.Opsanus_beta.SPOM                   0.035 0.078 0.000 0.001 0.006 0.016 0.039 0.105 0.148
p.Panopeus_herbstii.SPOM              0.141 0.167 0.001 0.002 0.021 0.075 0.203 0.502 0.619
p.Balanus_spp.SSOM                    0.044 0.042 0.001 0.002 0.013 0.032 0.061 0.125 0.151
p.Costoanachis_semiplicata.SSOM       0.022 0.029 0.000 0.001 0.004 0.012 0.029 0.075 0.094
p.Crassostrea_virginica.SSOM          0.110 0.139 0.001 0.002 0.014 0.055 0.154 0.409 0.511
p.Menippe_adina.SSOM                  0.030 0.040 0.000 0.001 0.005 0.016 0.039 0.106 0.137
p.Opsanus_beta.SSOM                   0.020 0.025 0.000 0.001 0.004 0.011 0.027 0.072 0.091
p.Panopeus_herbstii.SSOM              0.106 0.140 0.001 0.001 0.013 0.050 0.142 0.398 0.518
