
#################################################################
# Summary Statistics
#################################################################

DIC = 39.67729

                                       Mean    SD  2.5%    5%   25%   50%   75%   95% 97.5%
p.Balanus_spp.Gracilaria              0.921 0.040 0.827 0.846 0.898 0.928 0.951 0.974 0.980
p.Costoanachis_semiplicata.Gracilaria 0.958 0.033 0.875 0.895 0.943 0.967 0.983 0.994 0.996
p.Crassostrea_virginica.Gracilaria    0.750 0.121 0.463 0.535 0.683 0.766 0.836 0.921 0.944
p.Menippe_adina.Gracilaria            0.960 0.031 0.882 0.900 0.945 0.967 0.983 0.994 0.996
p.Opsanus_beta.Gracilaria             0.976 0.018 0.930 0.941 0.968 0.981 0.989 0.996 0.997
p.Panopeus_herbstii.Gracilaria        0.902 0.064 0.751 0.781 0.865 0.914 0.951 0.985 0.991
p.Balanus_spp.SPOM                    0.039 0.032 0.002 0.003 0.016 0.032 0.055 0.101 0.119
p.Costoanachis_semiplicata.SPOM       0.022 0.025 0.000 0.001 0.005 0.013 0.030 0.071 0.088
p.Crassostrea_virginica.SPOM          0.150 0.120 0.001 0.004 0.049 0.133 0.222 0.368 0.427
p.Menippe_adina.SPOM                  0.019 0.020 0.000 0.001 0.005 0.012 0.026 0.059 0.074
p.Opsanus_beta.SPOM                   0.012 0.012 0.000 0.001 0.003 0.007 0.016 0.037 0.046
p.Panopeus_herbstii.SPOM              0.042 0.043 0.001 0.002 0.010 0.028 0.059 0.127 0.153
p.Balanus_spp.SSOM                    0.039 0.033 0.001 0.003 0.015 0.031 0.056 0.104 0.122
p.Costoanachis_semiplicata.SSOM       0.020 0.022 0.000 0.001 0.005 0.012 0.028 0.064 0.082
p.Crassostrea_virginica.SSOM          0.100 0.093 0.001 0.003 0.024 0.074 0.153 0.284 0.328
p.Menippe_adina.SSOM                  0.021 0.024 0.000 0.001 0.005 0.013 0.030 0.070 0.088
p.Opsanus_beta.SSOM                   0.012 0.013 0.000 0.001 0.003 0.008 0.016 0.038 0.049
p.Panopeus_herbstii.SSOM              0.056 0.057 0.001 0.001 0.011 0.037 0.083 0.173 0.205
